X;Y;Value
3,576110698;1,641861276;0,474827866
-1,11732713;2,953835405;1,907142696
2,648923099;1,153441692;0,568313905
-4,226460594;0,06477737;1,915927679
-3,467962706;2,633965101;0,809239977
-1,722516129;0,152025895;1,840942957
2,893474399;1,161008988;1,356957972
2,526749521;1,182765192;0,635403043
2,680017655;1,755549009;2,87919989
5,863058674;2,201047782;2,984033762
-2,989254065;0,831738631;1,633886066
-2,469649336;0,710676531;2,290787727
-1,241206289;2,042754203;1,974904838
3,315134002;1,633687444;1,082322601
0,589413413;0,928229066;0,964756882
-2,576427074;1,69642698;1,555505857
-2,540408193;0,933495075;0,406560046
2,03428067;2,282854574;1,608150015
-3,551599285;2,737970644;1,325616019
-3,509366601;2,257470307;0,111079629
-4,343203487;0,654951003;0,21516815
2,892898457;2,647176926;1,388275879
-2,168203348;2,195647629;0,54557458
-4,568425714;2,879352348;2,166603758
-5,031055033;1,79312406;2,875013374
2,971956702;0,258183176;2,589115898
-3,126267481;0,609884418;0,311310964
-3,556113992;0,235954761;2,764592888
2,382755177;2,360137053;1,473791968
-3,665934935;2,251315009;1,751389204
4,364813824;0,422899135;1,631035303
-2,639321494;0,501677719;2,876939116
1,462034758;1,910743837;2,478872797
-1,244503998;0,986841292;1,562150743
-1,90442651;2,440067736;0,890963403
-2,42177457;2,80364608;0,40552153
-2,861853828;0,361024344;1,749401679
3,195981266;0,700730648;0,338394958
2,667811189;2,5653375;2,948977896
1,873964271;0,064071356;1,883944603
4,061925481;1,917378399;2,126590504
2,145826621;2,834277664;2,978190775
-3,463627835;0,016537762;0,313203882
4,399490615;1,189348379;1,380735151
-2,802690227;2,713606393;2,932681451
3,71476865;1,785086378;1,422716008
2,093329289;1,080592779;0,81580603
-1,656209596;0,345178313;0,804253558
-2,466813781;2,972271383;1,381788598
3,63056445;1,134635036;1,147850252
4,827141327;0,623355476;0,971752893
0,569657361;1,796956594;1,679959115
-2,058577918;1,409839834;0,436474419
-2,499426418;2,894684446;1,604132918
3,684811925;1,330450279;2,683912384
-2,88823806;2,159976394;1,794729918
3,49244431;0,601337471;0,813649718
3,90345413;0,680122703;2,72793598
-3,784429505;2,808125007;1,293747456
3,858196905;1,898259837;0,429332419
1,138367118;0,930022952;2,368623503
2,246976051;1,818388734;2,014306088
1,8443664;2,725080611;1,063546055
-3,376751162;1,685938754;1,32828376
3,151413021;0,960062906;0,927255708
3,225564368;2,990058604;2,750708804
-1,087521529;1,304010823;0,421352589
2,832190971;2,244824328;2,186065636
-4,485375463;1,81054969;1,723026569
-5,504656494;0,647136838;0,769822415
-5,130178288;0,838849076;2,907727506
4,624186954;0,367518877;2,611314596
-3,177548922;1,847356089;2,245934996
2,789095125;1,334077332;0,01349532
1,991918423;2,471318819;0,075913675
4,24165692;0,205303642;2,322412251
2,033197673;1,386357077;0,00609476
-3,17384628;1,255464204;2,297690959
2,525383964;1,489291232;1,727306243
-3,600358369;0,55720289;1,388870327
1,362431704;1,119666897;1,416761905
-2,43550776;1,34882996;0,932487909
2,673081682;2,009769736;1,308328966
-2,889937394;1,11390944;0,68592723
1,63862297;2,981875424;2,50347432
2,289191831;2,651612006;2,764494703
-2,355525234;2,444494702;1,887873491
3,078994973;0,772915509;0,345636764
-3,2543282;2,813376169;1,314886128
-3,164699327;0,059006095;0,943018246
-1,844609796;2,194463795;1,340431391
3,686865233;0,081889282;0,437679388
3,688698856;1,212057479;1,381609194
-3,780201484;2,381093865;0,324826442
-1,750243533;2,720917979;0,691326934
2,097265016;1,260475222;0,061206631
-4,144160364;0,124211823;1,049693257
3,182189799;2,052717081;0,164256199
-3,299743901;2,240464171;0,48067187
-4,081298547;0,047988469;2,140673024
3,88065706;1,015496769;1,709782588
-2,629734387;2,691054135;1,569913207
0,845928126;0,592023016;1,223675247
-2,61707621;0,763869971;1,461808247
2,70479225;0,569228124;0,347695187
-2,735236044;2,609041781;2,480157846
3,025614546;1,651423252;2,534936346
4,033944535;1,281289096;2,230719647
3,440314726;2,14588853;0,239358999
3,433598649;0,24947254;0,758701008
3,545087101;2,825572944;1,335735486
-3,346028578;2,100030587;0,298643225
-3,140168674;1,6318741;1,131682615
3,132928637;2,889313789;2,094659198
-3,036950164;1,488209553;2,621724235
-3,652583635;1,767839786;1,343688532
3,983474818;2,482658684;1,236456274
3,188726691;1,46895037;0,761377377
2,407907843;1,944944199;0,694358469
2,52784976;0,768225944;2,221851992
3,472292526;2,779244578;2,147986737
2,492287903;1,195112254;1,906203603
-2,87525159;0,079580228;1,247736248
-2,588385078;1,368647507;0,122288091
4,058380685;1,372578771;2,548005785
2,481346773;0,119065602;0,759594051
-2,916891165;1,027600006;1,057174697
1,818025831;2,463346181;2,602067292
-2,903746162;2,895752843;0,668289336
-2,420107717;2,559209595;0,453671818
2,712372496;2,250503703;1,216989673
3,806849683;0,800588949;1,931513919
2,140156458;1,030060263;0,874185483
-3,914904776;0,526333141;1,087271573
-2,93525201;0,029779959;2,615155336
4,818845456;1,258223767;0,092423607
3,409815927;1,313461544;0,961649396
-3,042010928;2,219045072;2,311733905
2,874619237;0,047258759;2,2908415
-1,078656395;0,019562425;2,481870683
-2,881009572;1,673157291;1,514653
4,5014137;1,195809738;2,294777168
-3,279096319;2,766546817;0,728753422
1,253025442;2,693970156;1,081280283
2,573237791;0,945373643;0,993562882
1,882446367;1,14278739;0,758373556
2,999196878;1,109129092;2,802356265
-3,999138784;2,428299651;0,737723541
3,790605731;1,003274344;0,181214206
-3,186943405;0,391851739;0,93061042
1,239425689;0,342546075;2,291648001
2,542513153;0,746969421;0,676406064
3,068925594;2,542545255;0,550892148
-5,247762818;2,084147002;1,53018065
3,519894146;1,286592427;2,877783488
3,806989234;1,640830424;0,596096564
-1,839896596;1,118456082;2,510027641
1,759089045;0,365517264;1,259947631
-2,777233647;0,900292322;2,074356029
3,013100941;1,347285611;2,57852881
4,364814292;2,320652566;0,817469038
3,021891677;0,642781049;2,247096553
2,62500157;2,265502847;0,077256429
-4,416130239;0,912452188;1,760991645
3,639936151;1,62624626;1,255027256
-4,634415651;0,504578344;0,398316099
2,404766816;0,826346306;0,261326162
-4,624799165;0,822217028;1,756506945
2,893503213;2,346109051;1,182933616
-2,280482662;1,573160627;2,547500699
2,492268356;0,569447719;1,859877211
1,933857852;2,659972028;2,576147021
-3,114367979;1,281168114;0,414832197
-2,962354276;1,209470041;2,45756483
-4,130889902;1,623055117;1,812559162
-3,526784597;2,899615337;1,168667565
3,453600727;1,339840999;1,559134988
4,684695842;2,035158369;1,567901307
2,800536044;2,72356522;0,698884697
-3,718462516;2,593410287;0,652920788
-2,787360867;0,893048254;2,934395951
-3,074973238;1,317492108;1,176709202
2,727005049;1,818268946;2,813881829
-3,987297168;1,802244996;0,550829947
-4,301354941;1,48855031;2,850515824
-3,665119139;2,651292338;0,901268621
-1,449901579;2,007420224;2,44301469
-0,897191379;2,573967173;0,472447154
-3,527151303;2,862323286;2,183460402
4,77038039;0,370005333;2,260132143
1,334238389;1,588610714;1,195034428
3,311286584;2,683803796;1,843065242
2,021574453;1,651264877;2,036946302
2,432113423;0,605112434;2,600228059
3,337346382;1,662063841;1,536876295
-3,412966205;0,231069755;1,065237798
4,503688083;2,826718681;0,326051944
-3,861265966;0,683380317;2,245353342
-3,082201281;2,431917225;0,689028898
1,823635942;2,201446937;1,908728242
-2,767150929;0,361496642;0,491757525
-3,255927405;1,037158188;2,330542767
4,056099825;2,547854403;1,316755337
1,775978165;1,376788067;2,245303077
-3,12448793;1,712640319;2,320129716
-4,33870619;0,461901278;2,103591944
3,675155249;2,144182674;1,313525256
-3,640655914;0,641364292;2,228761779
-3,090411896;2,793409897;0,459770926
-4,159615441;0,277184003;0,093673036
2,99346571;2,142976937;2,542323394
-1,898578826;1,233134852;2,648798576
-2,706343757;1,94006168;2,99763502
-3,406037996;1,104326111;1,902986054
3,245806343;0,355031615;1,56405016
-2,178657815;1,383045328;0,213942157
-4,065760718;2,916923217;2,468862634
-2,778105859;0,539840836;2,307406377
-2,777514037;2,648108278;2,551433716
-1,172383451;0,085553811;2,210385652
2,93638863;0,422061657;0,093245625
-3,093408678;2,277314583;0,066943598
-3,200397455;1,165021398;2,131185096
2,583999919;2,873644671;2,384957965
2,626856214;2,749133907;1,450951176
1,729899939;0,693991347;0,476658378
-3,369885763;2,171202602;1,433869777
0,564599059;0,030004607;0,771975593
-4,350598505;2,458267365;2,181806241
2,388702662;1,439784152;2,095721866
4,388283336;0,916237979;1,037584353
2,940176308;1,584126658;1,318798122
3,179454125;1,333931796;0,56058824
-4,068136629;1,691234871;0,45395475
4,785910032;1,621247894;2,341365249
-2,259456978;1,597101799;0,489870781
-3,42767731;0,355261234;1,369987157
-1,716868025;1,949382997;2,859732696
-2,042696346;2,207109394;2,227193669
3,701421746;1,952733794;1,65446711
-2,620943349;2,314297946;2,175725486
1,207825642;0,208090297;2,138868077
4,340642747;0,374283984;0,454012916
3,272832194;0,323192051;1,589030277
2,757926969;0,162361147;2,113941796
-1,372794272;0,411515384;1,396507897
-2,713801865;1,075133276;1,755566573
3,210944927;1,181761817;0,492907033
-0,637958632;2,162706857;0,609240195
-3,409056657;2,219281077;1,164289937
3,432125466;1,385339376;1,911426897
3,904589222;1,822002831;0,394732952
3,145410977;0,163021915;0,038228986
-3,116914951;1,05498042;0,782920843
2,800997001;2,901097892;1,236183364
-4,574653555;1,515152795;1,136679746
-3,062407976;2,071754364;1,373307668
2,671252498;0,771703399;1,562448469
2,081929706;1,074273353;0,249770417
2,787140628;2,587961696;1,60002433
1,945672236;1,881045938;2,631517009
1,996841691;1,779487217;1,08832399
-4,66779855;2,717444871;1,481398931
-1,979407446;1,212669753;2,246747949
2,69379608;1,777259394;0,328803078
-4,093069515;2,230052083;0,770911317
3,915392767;2,102486149;0,144352949
-3,948990754;0,72033797;0,243421207
4,657998173;1,415331477;2,803225413
2,2650298;0,156223301;2,166070212
2,390682509;0,331344542;0,301830291
-1,121421945;2,574109992;0,244481496
-1,911724554;1,298470496;1,306757571
-3,399830017;1,80829394;2,971883454
2,627132934;2,159239238;1,541803882
3,621368607;1,552089375;2,678876404
-3,836716939;1,058020668;0,683923672
4,745876134;1,84613867;0,588802641
-2,917313614;0,263503925;1,422180349
-2,505745307;1,269334163;1,465306296
-3,412120899;0,974488913;2,929575842
2,705201449;0,832913412;2,768063152
-2,26114153;1,545504996;1,34502242
-3,270529491;1,826828357;1,187161569
2,216226223;1,97532636;0,240739172
2,314073915;0,532005451;1,403265455
4,076251839;0,584611588;2,100894406
-2,135950185;0,331027966;2,328000173
-3,526718917;0,946952868;0,274580526
2,86127429;2,69528099;2,64206117
-2,504244595;1,5459185;0,107471695
2,990821138;2,505618261;0,476886363
-3,282291359;0,450705384;1,510337823
-4,24119803;0,611051891;2,606663703
3,751529271;0,924445738;0,790000885
3,521928281;0,028328781;1,38283975
3,238159983;2,497812907;0,526712945
2,446372272;2,616991777;1,92158114
2,726952932;1,953074964;2,950840024
-4,589534521;1,178053167;1,998167264
-2,137046897;0,668259847;2,363857309
3,494571139;0,355921064;1,978356067
-3,329456419;1,109956888;1,320840309
-3,385709024;1,488004364;2,2016132
4,47818221;2,909068767;0,600732562
3,082319187;2,085621336;0,99185157
2,567286386;0,622129345;2,302005045
-2,300182647;0,034823003;0,517601476
3,230497994;1,14524024;0,380476995
-3,837270526;2,635349079;1,344527952
-3,782307691;1,428259506;2,869244668
3,5043564;0,961346793;0,990211094
2,888401217;1,041918838;0,025070465
-2,829908833;2,511501238;0,370554753
3,498551195;2,731357177;0,980563933
2,670919124;1,034088148;2,46945469
-2,188195404;1,471128754;1,959748648
-2,044892834;0,744297085;1,153169872
-4,359651692;1,423687821;2,649042128
2,419393933;0,583453318;2,074201776
2,131891921;2,087486842;2,639577596
-2,905085583;0,167218806;2,844898065
2,041302372;0,734641613;1,610039768
6,005255385;1,62771083;0,133200068
3,014135526;1,064842277;0,243720563
-2,750401209;0,850736707;0,654345932
2,110005864;1,08510444;2,106535426
2,986636818;1,403859567;2,645137907
4,121371015;0,201103232;2,853229017
4,592466847;0,135271;1,587419851
1,962562108;2,005691631;0,750923895
-3,225947702;0,305124018;1,459045618
-1,907818557;0,045842173;1,627599259
2,026460012;1,910533749;2,81398468
4,43332248;2,494360512;1,36657424
-3,657638504;2,823300443;2,197227119
-1,622015165;2,058477083;2,132186426
-4,352147279;0,801013527;1,03573984
3,988275957;2,629768746;1,462224844
-1,588502914;2,245004889;0,344734544
2,790447891;2,769150974;1,402368761
-5,167808501;1,579659801;2,774028602
3,01045162;2,426219849;0,200075292
-4,083990382;1,730681011;0,889616572
3,512815273;2,486307343;0,085534057
-3,493122017;1,553450405;1,301898406
-2,135127192;1,040080286;1,734285348
-2,753022177;0,797416016;0,986146134
-2,500686662;1,015328408;2,58954209
0,633861257;0,944944404;0,199725427
-1,309011123;2,534707342;0,160392847
2,628822657;2,798298627;0,294137342
-2,572275487;2,84416001;1,398465106
-3,901138008;1,614818984;0,539191137
2,363656524;2,202636283;2,915726016
-3,454589978;2,342237677;2,126878661
-2,383069295;1,461763191;1,189627339
-1,768040887;0,367672232;2,349494264
-1,645403676;0,328764543;1,927601286
3,210229072;1,914771185;0,20841627
-2,114458113;0,872685012;1,758086966
3,554249437;1,998139344;2,732286361
-4,27041915;0,707614261;1,45865896
1,530782321;0,693668014;2,327425809
4,085930279;1,38924477;2,776995758
3,297424288;0,544417471;0,899006982
1,972126995;1,757702662;2,407655208
-3,994601696;2,909978555;0,437531781
4,289301868;1,07661639;2,523415207
2,714407799;1,872211549;1,451045196
4,317152665;2,531113244;0,774604761
3,660047375;0,099848731;1,142492645
-3,30471569;2,357601747;0,319822788
-3,495168437;1,207719475;0,516832542
1,550758543;1,037364377;1,33177189
-3,270432723;2,316061085;2,304646302
2,706195476;1,655129165;1,792838665
-3,490360817;1,220363241;2,125089966
-2,72411078;2,728653024;0,875035185
-1,594762845;1,418491654;1,932737343
1,747242659;2,206041356;1,707295153
-1,284107384;2,450228162;1,861266444
-3,022928874;0,305645454;1,165363834
2,944758568;2,061693569;1,84712512
-3,81252933;0,553908872;0,366044728
2,840776895;2,914084527;0,309883658
-5,402830566;2,877441035;2,585678271
-3,613938868;1,509623604;1,881727781
-1,812885028;2,695844106;2,451717998
2,825270811;1,516325588;0,40857264
4,994574581;0,811971096;1,568202477
-2,536629033;2,662487051;2,006238514
-0,045079431;0,133355002;1,045776508
-2,404092609;2,371917303;2,310883791
2,249145975;2,348325629;0,912426849
-1,36245096;0,303207645;0,02584331
-2,420698574;1,843977777;1,382786359
-1,05364849;2,635229332;0,962095066
4,219713744;1,635112801;0,25798179
5,416823833;0,867266122;1,32708335
-3,016060571;2,290677289;1,880167729
-1,652207048;1,27522388;0,149247594
2,557498658;2,043200387;2,230970959
4,004522556;0,11582021;1,422102203
-3,563539981;2,354340081;2,384557921
-3,376880844;0,192420076;2,956692256
2,06668737;2,639839309;0,784643627
3,510793639;1,766156806;0,10849587
-2,040953549;2,140355728;0,93801287
3,310787927;2,970311953;2,683212565
-4,038070536;2,578046183;1,627156474
-2,451693639;0,925235847;2,913942305
-3,826802665;1,026988642;2,201538416
2,798056366;2,771244574;2,513346897
-2,259160621;2,424833072;0,200510304
-2,856477675;2,545049387;1,745629886
3,629690702;1,462162668;0,38258297
1,883287402;1,741222703;2,651984136
1,83440271;0,202428507;1,526070023
-2,073626619;1,030813213;0,326847728
-2,68235146;0,988518168;0,939812795
3,716934375;2,600855577;1,100812261
3,980897298;2,041733823;0,368530568
-2,881650565;1,960663936;0,093744101
-2,730504693;1,602777859;1,462874377
3,982318793;2,025832469;1,827771495
1,662634603;0,19995524;1,08209158
-4,268057767;0,883019849;0,563872421
2,436588071;0,926343108;1,305455486
-3,629649616;0,195091937;1,832820004
-3,167662964;0,635287003;2,871372015
-2,667626264;0,766218858;2,71994624
4,423160576;1,159302994;2,881473045
-2,27232032;2,942221319;2,232788403
-3,885991663;0,648946832;1,866752048
-4,760891795;0,918204645;1,327540372
0,773551993;1,024694063;0,807445329
-2,458037121;1,910587965;2,586603651
-4,781923219;1,960223265;1,584608804
2,888918447;1,166599643;1,06027078
-3,546774502;1,934445907;1,797947309
2,451172026;1,663808094;2,298038914
3,120526548;1,384474111;0,186961646
2,470922213;0,799582202;2,908460805
1,540384365;2,284768995;2,204435955
1,667738566;0,742318809;1,244108059
-3,525711108;2,043435308;2,212453264
-1,477590723;2,767038907;2,978263146
-1,344261618;2,184952586;0,749220321
-3,381920515;2,032657558;2,680043544
-2,655870834;1,622697709;1,764558683
-3,941811985;0,693994083;2,198938181
3,722026273;1,416527144;1,679080938
-2,750408967;1,810770503;1,04425595
-2,762650295;2,855930315;1,973821271
-2,914730821;1,36986578;1,679947169
-3,454085634;0,321872184;1,298907602
2,827841871;0,851340319;0,450678199
2,420349643;1,027182755;1,684260099
1,656750576;0,968685548;0,795802909
-4,515255974;0,987276558;1,815515049
-3,379311271;1,734460855;2,326564939
-4,203638089;2,383878758;0,384991829
3,206809109;2,866719601;2,450414532
-3,374077073;2,252223202;1,879942958
-2,505447087;2,712742437;0,771963276
3,577644645;1,96337015;0,926843206
1,642827218;2,433483456;0,985680021
-3,121281408;2,402614118;0,509504964
-2,782399911;2,856655957;0,510984413
-3,389570236;1,389253573;2,909023072
3,801066195;1,870925442;2,669599129
3,359521213;0,364767391;0,471554892
2,255704552;2,409348139;2,912817567
2,900951615;0,122077743;0,240206605
3,175139344;1,815889337;1,987892141
0,835122828;0,671736561;1,066051913
-2,689189339;1,846993986;2,357732908
3,276476357;2,599746816;0,948228148
1,451869174;2,814214053;2,707696825
-3,456861379;2,146621105;0,944053328
2,355074722;0,856208919;0,299025846
3,001840871;1,76601239;1,746507021
3,37810707;0,949579741;2,425629154
-2,438290022;0,420993905;0,142105151
-4,062490782;1,23470607;0,134574881
1,399281913;2,96950817;1,764953895
5,677443658;1,956679968;0,974460885
-1,523496758;0,921194743;1,819890514
2,71056521;2,308708433;0,446456308
4,591189109;2,979602691;0,212608934
-3,379457573;0,224950815;2,318807067
2,807048232;2,733555807;1,365096815
3,134117431;0,960498761;0,43032793
2,175527658;0,388465973;2,628271626
2,025015267;1,093593681;0,522308011
4,316835281;0,303841456;1,424183746
-2,040607752;1,772395026;2,48029925
-4,741176445;0,822520861;1,494338023
-3,768046195;0,665932239;0,744880213
1,668353833;1,031617877;0,299401638
4,529192912;2,813375408;1,279986058
-1,972373475;0,086684863;2,408622517
4,634432265;0,439847012;2,623132994
-2,624015112;0,906584139;0,260919828
3,02338476;1,550389212;0,586514608
-1,391801342;1,492320376;1,46855364
-2,482529144;2,262626413;0,920094758
-2,765731504;0,741560605;1,515858057
-3,687961128;0,950251802;2,702164973
1,622836215;0,288371946;1,044761722
3,366978903;0,199111891;0,393732281
-3,688540371;2,719565345;1,235318208
-1,694525306;1,213443477;2,892901024
-2,131889256;0,866247664;2,738854498
0,337568172;0,07763621;2,39965958
-3,769390695;1,89449522;1,283729326
3,393190656;2,901053257;2,815717413
2,254953449;2,0757707;1,769952401
-0,603017747;1,311214663;1,558961398
1,491580811;1,728690266;2,336245147
-2,886835484;0,875306466;1,715917948
3,592317387;2,487871584;2,486327032
-2,074083749;2,501474003;2,794132708
-3,469665941;1,87160248;0,576612959
1,918257804;1,953823882;1,983072997
2,213985034;2,418365959;1,563028213
3,922216449;2,34999626;2,269242308
1,849416135;2,513124721;0,784480622
-3,364638141;2,89157848;1,191705709
0,92574198;1,424666376;0,590453397
-2,573865337;1,07373319;1,268593012
-3,579230846;0,100872641;2,144533668
-2,8907541;2,905433334;1,106785279
-2,794278667;0,559637377;0,583934348
-2,146334044;2,347625499;0,212921591
2,471229864;0,522556663;1,435737342
-4,005322351;2,623142661;2,861699694
-1,009641836;1,791515327;2,080994923
-2,763752128;2,975247036;2,553618581
3,887357875;1,646877106;0,046104947
4,123481132;2,794752425;2,826270526
-3,804630967;2,353378891;1,024107576
-2,514560488;1,185578666;1,093257682
-3,20785358;1,587441967;2,408530138
-3,444927527;2,587912494;2,782669055
-2,450164807;2,559015579;0,293507517
1,473267916;1,680770942;1,741434113
3,63539264;2,479243548;1,923617204
3,595827108;1,185115909;1,885813693
3,066525795;0,736791925;0,279278367
1,900172545;2,013693118;2,204337102
-4,579633015;0,810645632;1,052404289
-2,881595527;2,116906501;2,176281734
-2,669544412;1,547017494;1,791137831
3,54989759;2,952570813;0,337091877
2,865082064;1,289962522;2,664933265
-3,642934354;1,797573487;0,736181333
-1,6233564;0,894192616;1,958846782
4,369176241;2,89488903;1,30103279
4,540697513;0,433824281;0,276007243
1,35610827;0,236907621;0,157476971
4,87390015;2,02745623;0,680724735
-4,015038466;0,401493392;0,308870267
3,052528235;2,098330202;1,552462054
-2,475588706;0,224445198;2,743175327
3,292999376;2,79532518;1,375927505
-4,921561584;2,741284646;1,397081152
-2,411751048;0,724812656;2,610144797
3,80628617;1,638433511;0,825448067
-2,497379572;0,797629165;1,813496861
-1,310723509;2,260371407;1,960527774
-2,921275852;2,732215533;0,770793677
-2,325910754;0,238415646;2,20317624
-2,709147019;1,847658532;2,743606516
-2,429767015;2,028411988;2,038994261
-5,33331548;2,803060172;0,349603571
-1,434248849;0,623423947;0,025830625
-2,976010592;0,456854043;0,662446782
-3,914726689;1,664202021;2,602210264
4,691052638;2,706090604;1,54903602
1,165052605;0,155707494;1,493227971
-3,179858497;2,40799421;0,659770124
3,334461263;1,902860515;0,875179041
-3,674685896;1,734664174;1,078541372
-3,808894864;2,113691125;1,436289428
-1,443606339;1,902389043;1,067051244
-3,306896773;0,02240417;0,537168946
2,195484165;0,967077821;0,62747823
-2,894247956;1,817335329;1,291708282
-4,808646607;0,584982784;2,965155388
4,017691558;1,877436713;0,94884185
2,658678916;1,749224785;1,831558011
2,840468743;0,435814693;2,045811985
4,128342336;0,12759023;1,135031188
2,868963384;2,845901817;0,422778211
3,952701684;0,866191839;0,187152832
-2,854076892;2,933226369;1,570810358
1,665983686;1,84401973;0,662048623
-3,863271863;1,314638228;2,010359342
-2,33664607;0,967588464;0,153748881
-1,949798305;2,798025606;0,900424326
-4,407150661;0,048151333;2,656234869
2,816301084;2,136880752;2,765113923
-3,596703639;0,800478076;1,826117917
5,104674643;0,901711705;2,262643578
2,590074205;0,772595399;2,030960135
1,946594854;1,675333082;2,159569502
-1,370866413;1,657163267;1,627027568
-1,91838707;0,647690327;0,203169091
2,084983177;2,120422504;1,776817182
-2,259164638;2,533968748;1,132840463
-2,434151097;2,293623156;0,863966129
2,586598416;0,634332922;0,557418351
-3,181970735;2,576816334;2,215017671
3,178094882;0,231001942;0,305954285
-2,94036233;1,385879183;2,543213504
-3,305729133;2,158375964;1,131467158
-3,318538013;1,162129506;0,470030282
-4,037856552;2,323286922;0,1745034
3,938274357;0,58080697;0,629862502
-2,456735489;0,229086603;0,526645874
-2,924494521;0,146049792;2,79416988
2,785878896;1,202113593;1,819663211
-3,078915841;2,979720843;0,441249848
3,923064455;2,310322252;1,80118653
-4,90285392;1,350731167;0,208786482
1,688359331;0,698708293;1,478696629
-3,223411595;1,035811624;0,831232705
-3,732498763;0,773452286;0,706700074
-2,483523375;2,128322716;0,559435654
1,891327017;0,568528509;1,803598788
-3,896317368;1,990275613;1,734155884
4,798918946;1,751717222;2,730603059
1,675562301;2,001098276;2,228032625
1,56399329;0,760904002;1,15827435
1,787792144;1,263262726;0,939705784
1,962489316;2,907216716;1,574433178
3,896105723;1,360727213;1,158661601
2,864258378;2,202350284;2,046880599
3,11553655;1,253463235;0,406028935
-3,004984199;1,824939773;2,289485585
2,355236833;1,467006679;2,338157512
-0,725057096;1,195651894;1,365481013
3,75613204;0,065181689;2,917374906
3,116207879;2,866103015;2,316343554
2,298171389;2,804974898;1,511901014
1,725275261;1,468922282;1,164238656
-3,820108107;0,364023835;1,807402482
3,67732948;1,208193923;2,737917816
-2,768124628;2,387889813;0,529533902
-1,857558286;2,725980218;0,07483562
-3,365703917;2,145717511;0,106466651
4,730968925;1,52676107;2,728529636
3,430329248;2,628057699;2,667012414
-5,220843678;1,547788655;1,598446963
-0,972374277;2,825135623;2,865230163
3,314422883;2,070213925;1,942432926
3,348184049;0,899944846;0,396410635
3,117700932;2,765873292;1,664059915
-4,962936917;1,14037878;2,052429595
2,494672604;2,438733498;0,230127238
3,244118164;0,820499041;2,065586294
4,931384843;2,240095272;0,118299885
1,72350538;2,969015473;0,181689276
2,969267815;0,207998503;1,744717534
-2,268017746;0,950862791;1,620605275
2,364745276;0,808635411;2,377347296
0,490214724;0,386663248;2,044197994
-4,038255697;2,214394466;0,176119283
4,89466314;1,839064912;0,133996321
-3,733570835;0,92274032;0,724130398
-4,871775043;0,971052417;1,04003386
3,757723053;2,187655332;0,380663969
4,120590055;1,834464706;0,368575884
-3,476656446;1,583136129;0,242197582
-2,130855327;0,467528089;2,17282307
-4,166697207;1,887839868;0,901085444
-2,561785748;1,66209421;2,016083439
2,834487368;0,154988393;0,884294826
3,189579873;2,569496906;2,368067267
-3,56492253;0,801716103;1,255505846
2,983846716;1,530537427;0,772655381
-2,89568996;0,767306276;1,794858992
-3,853460193;1,862762726;0,604525396
-2,334177872;2,999526481;0,816384801
2,965522395;1,40193011;0,23479263
2,197553349;2,080713588;1,873439987
2,707212618;0,622068731;2,793383331
-2,657654155;0,676532088;2,15071825
4,041751362;2,084940816;2,117577769
4,370858033;0,808405208;1,767226278
-2,696252437;1,616189391;2,919017158
2,877309521;2,539440979;2,93262268
3,9385115;0,435907048;2,233774894
-1,316012931;0,922861645;0,993645451
1,444984661;2,541028044;2,72300606
-3,463659167;2,376229916;2,721002453
2,587719682;0,910040487;0,535931925
-2,852604751;2,198599044;0,072633693
1,931016471;2,725121888;0,44274541
-3,269519375;2,762656935;0,172617975
3,975296945;2,205877998;0,50032124
-2,693487584;2,922183108;1,241089817
1,300414499;2,478665923;2,173268023
3,751435922;1,203557302;2,666164547
2,850817383;0,328282042;1,821942187
2,39992653;1,344899261;1,62682457
1,981050783;1,34912371;2,0952804
3,923350461;0,439364229;1,313832771
3,006611636;1,488170328;2,514617122
-3,37700164;1,829072449;1,351306825
3,034986243;2,827698247;0,983569866
-0,833685177;2,488856305;2,950163413
3,235949058;2,290451662;0,190575255
-2,871410396;2,771436881;0,612810243
-3,809904664;1,420015263;2,046568318
2,902571459;1,08185824;0,658961962
2,625805217;2,313105894;0,041545614
-4,125043478;1,091534528;2,296445488
-3,328627219;2,367411182;1,309823302
4,043042024;0,730703263;0,098976811
2,324858142;2,280451059;1,110852192
3,452478453;1,208612704;2,388387042
-3,092176592;0,771328388;2,363835921
-5,849869081;2,887398488;1,489519527
-4,060536158;0,301621636;0,414647881
3,459687567;0,091502359;1,570856033
3,158388408;2,298955044;1,674302221
4,217160253;1,926795255;2,342030905
2,701479384;0,019771647;2,798593617
-3,444799309;2,994244151;2,312835203
-2,591723412;0,114190194;0,689448167
3,853658957;2,075823177;1,686555921
1,387446109;0,339085868;0,545185671
5,081870241;0,761795718;2,004105093
-2,298954245;1,316703107;2,851216639
-1,776320066;1,066812742;2,933510967
-2,486498189;2,422920295;0,776251993
1,553288337;0,804619706;0,643465675
0,437319458;1,151574808;2,578168252
4,07723303;1,570485939;0,102561014
-3,576700047;2,23991192;0,790680787
-2,985796143;0,730752883;2,829655267
-4,11870568;2,326446735;1,639791536
-3,773364876;0,08360319;1,380601658
-2,809726171;0,273554299;2,176790562
-4,766546146;2,667115958;2,370829034
4,552883099;1,275113664;1,159988971
-3,869230023;0,414363972;1,282058102
4,856275447;1,961303716;0,561412323
-2,502614653;2,187633455;1,472645425
-2,644599161;2,024701059;1,84932631
-3,312306994;2,303874621;2,187380566
4,867492502;0,305500056;2,191467696
-2,829367696;1,498346223;0,755996937
1,635988676;1,977098056;2,531351236
-6,015063252;1,629766836;0,248297634
3,895981113;0,201329557;1,635482624
3,015495761;0,148656495;2,623865446
-2,761327047;0,430381312;0,476158393
-1,135902728;2,174430695;0,448553949
-3,706137344;1,334608507;1,944151855
3,50839712;2,182466027;0,057773851
4,597637582;0,526353782;0,631746829
-2,403279209;2,625561732;0,655589434
-3,292993188;0,168888765;1,350067697
-2,036621291;0,28261342;1,975346233
-2,707156756;1,797641482;1,973627308
-4,056519747;0,81304261;1,289040447
-2,377203583;0,479419359;2,646584016
3,621712862;1,45512623;1,378308162
3,038142234;0,09179145;0,126026809
-2,93549774;0,354842362;0,202018361
4,573079435;2,482447799;2,04933285
2,772080725;0,657676363;0,162484495
-2,106806838;0,269065184;0,144040546
-3,600468844;0,177809264;2,575995197
2,082144387;1,066228551;1,493683325
3,762970734;2,892397145;1,425025006
-3,701272249;1,55738145;1,761276497
2,879187527;1,156946641;1,418562119
-3,472320668;2,322274733;0,593445189
-2,950931304;0,415043432;2,219951274
3,990756076;0,152185327;0,644115588
4,242280583;2,858176112;1,874587006
-2,274657946;1,222162354;0,886523527
-3,243703883;1,765904089;2,325344525
1,90780363;0,162253072;2,47970714
-2,323974254;0,940855729;2,679008952
-2,368509976;0,859776134;0,026117498
-3,104839492;0,677481546;0,613817318
2,608657562;1,191533726;0,360946896
4,627664704;1,065014048;1,361867545
-2,837699882;1,919833071;1,050878493
-3,849431642;2,885308955;2,855142427
-2,140108586;2,168901675;0,949162367
2,759693895;1,406522453;1,944507817
-2,46624223;1,675157442;1,72448112
-3,949946863;0,882009557;0,373059884
3,697637957;1,475291523;2,580057011
-2,047697943;1,417456402;1,159838671
-2,839360726;0,123838674;0,192363548
0,658910613;0,83710872;1,528598687
-2,931205267;2,201124753;0,396372679
1,047794008;0,106839074;2,393772701
4,483337426;1,12351542;0,385124515
4,633819666;2,161930344;0,936875478
4,648267658;2,146670602;1,454337182
2,415440908;2,162113373;2,528080219
-5,317224734;0,580221143;1,549090691
-3,924354692;0,410671307;0,113946802
-1,999316341;0,960529694;2,192885287
-1,736241163;1,048769608;1,238718471
-4,089340151;1,050474271;2,473209132
-2,538393452;1,834440986;0,65860866
3,077243746;0,4680188;2,2388728
-1,543923051;1,269048257;1,163779308
-2,42738098;0,028201053;2,549905575
-3,343097525;0,294863077;0,44551276
3,690559431;1,381041833;0,564948037
-4,052138211;1,629762253;0,737261696
1,945755334;1,421180739;0,756875849
4,030335992;2,348053668;1,580134097
2,138929533;1,727908039;2,522504775
3,486570901;2,811923164;1,27621361
-3,277971313;0,47639727;0,861019559
-2,955528203;1,207082354;1,426285888
-2,356460187;2,60582715;1,174442014
-3,152919036;1,348931884;0,055422098
-3,152935512;2,468103061;1,500039815
-1,714955513;2,593219181;2,313449438
-4,844826214;1,199403087;0,892686433
-3,842493514;0,335094904;0,998082067
-4,858559274;0,389105937;2,871765461
1,882633825;2,082289482;2,897359534
3,440982736;2,329431095;2,827669511
1,822330004;1,143993562;0,031308065
-2,97611647;1,316195547;2,449846785
2,120034667;1,806914559;0,64741874
-1,263020454;2,418436022;2,672390755
2,800954289;0,441435337;2,251818097
-2,570434555;1,230613304;0,658346355
-4,156866897;0,521930865;1,77699408
-2,679954808;1,963137022;0,09192637
-2,750054685;1,008265797;0,125961699
1,921784914;2,065063406;2,909590558
-2,45109796;2,724576961;2,372080349
3,815424884;1,144792354;2,360347785
-3,210880494;0,452325905;0,08672286
1,614961623;2,970869825;2,069006503
-3,580779554;2,538227185;1,474872852
-3,90546449;1,851195769;2,762432684
3,610445857;2,666099168;0,825025993
-3,545817143;0,820938412;1,315195316
2,494978525;0,66960709;2,735420611
-1,642623913;2,456946923;0,847411206
2,673414535;0,298783575;2,663871915
-2,99358194;2,884173826;1,382972984
2,387667131;2,096515096;0,982898688
2,955019985;0,574192395;1,720805835
-1,323899834;1,205317109;2,123560408
1,441815096;2,801864644;1,559858076
-3,336904382;1,931072595;2,747053097
2,363460484;0,972082286;0,054232165
-3,362709028;1,081660354;2,550003232
-3,021748352;1,028463101;1,966604536
0,844895779;2,386166452;0,579771053
4,254845589;0,037385271;0,881274853
-3,114756427;1,111607327;2,740662504
3,290440708;0,205659641;1,550801097
3,544115827;0,334592311;1,433388559
3,031512271;2,75444516;2,693285342
4,602473349;2,515407785;1,980378974
1,997993546;1,293216188;2,759629128
-3,263448907;1,459419717;1,851674243
2,208549913;0,35343297;0,736013719
-3,85746533;0,067864191;1,096270801
-2,007077793;1,669147676;1,700544363
3,932984402;2,580141352;1,724035201
-2,123057133;1,017476675;0,181253294
2,950557088;1,620427541;0,859611353
1,452836128;1,822270361;2,476776984
3,085381061;2,673745469;1,564052906
-4,494387591;0,728332503;1,160878758
-2,621498178;0,173896796;2,463310387
-4,104455437;2,316709612;2,877057804
-3,761435061;0,449937388;0,769279678
3,905942277;0,002012718;2,146812108
3,604458453;1,768100196;1,459608184
-4,582619735;1,436604693;1,295219379
2,888711119;0,66403009;0,887920312
-3,71891461;1,732263837;2,840706321
-4,04650884;1,790751378;0,237419506
2,315506057;1,898847639;2,7831081
-3,341058842;1,86737417;1,490338504
1,428538704;0,195482563;0,97838664
2,37799629;0,327061561;2,506031144
-4,252273496;2,38325504;1,231469089
3,293906271;1,319035022;1,272812548
-1,607862616;1,723015993;1,505004419
1,597704968;1,931983951;2,533290029
-1,920915026;1,81888112;2,977118984
4,243600847;2,309375978;2,87786325
-1,234480283;2,583077681;2,724861504
2,039396243;0,11688934;2,236992628
1,378091673;2,307760115;1,630271596
2,941128911;0,935616346;1,168163576
-4,174588736;1,356827569;0,041665029
-3,330767448;1,093487061;0,814043361
3,146152219;0,802214573;1,745144587
3,088279583;1,363265459;1,220677654
3,236451146;1,370987843;0,077307105
2,30271948;1,224172452;0,306518166
3,690131199;1,665967751;0,253121098
-4,085977383;0,535082327;1,845052526
-3,973741909;0,528144783;2,740555323
-4,507164651;2,466578728;0,246653153
-2,404909432;2,695707219;2,308059469
0,717445598;0,865746775;0,848271499
4,404061107;2,8647504;1,635240132
3,455258327;2,420552257;0,992241067
3,64456942;0,743667616;1,112154148
-2,64754916;0,279560409;2,816514791
-4,756508863;2,158253331;0,968605145
3,609562923;2,948756113;2,798584946
3,946810181;0,360901897;1,465158541
1,886312033;2,490495552;0,729446944
2,959183302;1,404339092;2,591651358
3,367704671;2,506746956;1,019034098
-2,388121457;1,278337925;1,238211951
1,540645168;1,587077646;1,178856159
2,290239479;0,341668865;2,326978349
3,679136714;1,264617288;2,452718366
-2,09122041;1,421854514;0,940825117
-2,793916496;0,577275927;0,091738253
-3,053139349;0,146156621;2,020591759
-2,381788442;1,839578564;1,832151626
3,225170227;2,786215443;2,23722289
-1,14893348;0,255458325;1,430041181
-2,622107645;1,772765463;0,001518261
4,225069929;0,859183531;1,547257033
-2,218553259;2,538420059;0,01175563
-3,837196796;1,755040127;1,509433897
-3,479958007;2,351144608;2,349145789
2,896828225;1,511908554;1,470658023
3,299441764;2,531834508;0,831768226
1,990220525;0,007123252;2,968412058
-4,631188299;1,39532838;2,239732497
-1,295337698;0,336310639;1,737672249
4,103256455;2,996261397;1,192348263
3,696497259;1,620783533;0,842597196
-4,465902275;1,286448687;0,627569634
-1,825613796;0,611245296;0,802902672
3,404842765;2,257877456;0,448141547
-2,67948321;2,17962963;2,055238166
-1,452474371;0,079505042;1,353461955
-2,412487787;1,855650744;2,46425238
-1,761474503;1,21552338;1,746954703
2,928440087;2,024641446;2,637161331
4,091667122;1,947357839;1,176188436
-2,574465133;0,960354653;0,37876844
3,696780864;0,739187957;2,042214565
3,299991765;0,164101895;1,682020524
2,779062028;2,753228451;0,033872826
2,930315777;0,503022572;1,502003942
-2,737872027;0,750904578;2,80895259
3,287356665;1,433959378;1,4951481
3,513043133;2,80638022;0,672107379
-1,945396938;1,414195378;2,699945318
0,018584989;1,272083261;2,236530792
-3,740750128;1,85971684;2,53256325
-2,098439332;0,792378756;2,964283479
-3,664069315;2,653838946;0,282875418
4,650914701;0,982843563;2,406233099
3,242252195;1,056163804;2,382876905
-4,06562843;1,79388347;0,314784874
-2,87460001;2,297104951;2,014553862
-3,719653365;0,930070124;1,034446537
3,615374811;1,494232957;1,429305443
-3,481751196;2,183844225;2,95815753
-4,135749841;1,849676366;2,101099044
3,10113182;2,598858678;0,02414688
-3,034972794;0,61811962;2,571357168
1,896666531;1,175137475;2,378710774
2,016782194;0,468269731;2,028280863
-2,843281183;2,720990891;2,717720196
3,357770937;0,589728916;0,373504269
1,61528302;0,993370138;0,591817338
3,784674625;1,428432509;1,549120512
3,281491434;1,929732334;1,568226707
-2,731780595;2,007972908;2,865485783
1,873194794;0,526799902;0,341993173
2,575159031;0,513264931;1,604453613
2,755994905;2,484724926;0,072083592
-2,885988625;1,716387179;0,574961494
-3,448385688;0,553923779;2,050989015
-2,974237562;2,592279393;0,472561891
-2,636363151;1,368809914;2,933924918
4,334654099;2,548380658;2,279254346
