X;Y;Value
-1,862991669;0,811639886;0,665801989
-0,643377626;-0,505285674;-1,667548421
0,026345796;0,289596149;0,594384996
2,445860118;-0,004315891;0,029930158
-1,04690777;1,713315719;0,384250968
0,691158855;1,534401483;-0,801827682
-0,372049058;-1,745846753;1,271442783
-0,916352182;2,174375092;0,203966681
0,969302052;-0,674932425;0,024861198
-0,054410409;-0,449097446;0,050604206
-0,851106142;0,087101875;-0,472092411
0,526785613;0,386293025;0,008080032
-0,488612983;-1,857611662;-0,981618395
-0,618009343;0,989152982;1,382135916
0,495776788;-1,287785453;0,068506882
1,714123161;-1,598866917;-0,112487771
-1,790847353;0,563099301;-1,012286015
-1,598065242;0,880179233;-0,698158951
0,806559779;-1,20822706;1,869476721
0,010398597;1,243774;1,571818632
0,705467093;-0,477503338;0,255211056
-0,530662187;-1,684683801;0,51502428
0,368541077;0,720839106;-0,444356378
-0,692521183;-0,152457444;0,711227466
-0,439049994;1,611312579;0,798607544
-0,801397073;-1,89225756;0,181895966
-2,058330038;-1,447171143;-0,710009892
-0,360985368;-0,241439962;-0,537872062
-1,254608453;-0,998232942;0,831676253
0,829242381;0,817624407;0,933988025
0,07287794;0,380870774;1,106048116
-0,960178777;0,059046255;-0,524131608
-0,631837398;0,397347193;0,934792675
-1,376433335;0,859413996;1,215288224
-0,39276148;1,647011623;-0,07817302
0,31961503;-0,169839185;2,507808091
1,204021796;0,546114064;1,770205512
1,685743326;-1,357295472;-1,854813885
0,36752939;0,419221698;1,170010939
0,503292289;0,365890755;2,056453221
0,155094794;-0,723221176;0,229364925
0,809236167;3,03047972;0,122472768
-1,86405955;1,817886293;-1,048944634
0,351971552;0,271029057;0,57555629
0,431129369;0,700971307;-0,134275312
1,285168438;0,118162346;-0,219057547
-0,092256016;0,425728523;-0,068159402
0,954195446;-1,493183767;0,510776212
0,370206773;-0,649121611;-1,342847433
-0,793676614;0,961742921;0,526055428
0,972660001;2,290223715;-2,017225076
-0,150104753;-0,082392663;-1,129304983
-1,013553512;0,347328157;-1,155008603
0,880198716;-0,896345615;-0,342730934
1,333471763;0,938829517;1,072147377
-2,182651654;0,16584711;-0,669681474
-0,694367176;-0,542444796;-1,775392858
-0,098788653;-0,77784715;1,807953883
0,635666078;-0,738159593;1,409515892
-1,37019479;-1,017932294;0,995522521
-1,171429609;-0,663024862;1,118319598
0,408628993;1,588894409;1,249118284
-0,040748796;0,445280972;-0,831250971
-0,464843269;1,819619384;-0,573621756
-0,062850157;0,654056799;0,999024606
0,495584823;-1,8476076;0,576753272
-0,918508427;0,225319986;0,086098169
-0,822121602;-1,529274747;-1,160829073
-0,289246081;-1,800771838;-0,172922579
0,486253141;-0,412537739;0,889727409
-0,244197127;-0,835542909;-0,702463079
-0,392580307;1,099104032;-0,455765938
1,33584232;-0,767139469;0,144512409
-0,939692922;-0,722081611;0,486868824
0,348091892;-0,661017702;-0,414795008
1,34480472;0,393961808;0,238368107
-1,595023019;-0,982235568;-0,042671835
-0,661444098;-0,143554297;-1,202523982
0,293967659;1,045774385;1,07822351
0,716091119;-0,44609697;0,913919114
-2,097240532;-1,780362196;-0,640809536
0,005048573;0,841572031;0,158447799
-1,18726303;0,363065862;-0,006601534
0,220093826;0,495002596;0,331599925
0,663897604;-1,094883934;-0,687546845
-3,156792695;1,031354934;-0,932344546
1,47561798;-0,824718557;0,215694377
0,797804879;1,473608816;-0,953928315
-0,659612469;-0,939517854;-0,014495341
-0,90231893;-0,522251201;-0,354583488
0,073409653;1,216846685;-0,438158332
-0,503381497;-1,503326566;-0,776252516
0,486007682;-0,538127474;1,19186701
0,314253089;-0,43904;-0,609552471
0,369404349;-1,610053663;0,115232026
0,561723675;0,415527522;-1,342341847
0,369646678;0,276495122;-0,855783148
1,30061521;1,091472395;-1,006837328
0,145315848;-0,231983984;1,167905249
1,005885341;-1,460276423;0,616448301
-0,383142119;0,900427463;0,525828487
0,710573698;0,735981431;0,248448688
-0,490734579;-1,21045773;0,343306196
0,080678675;-0,378593687;1,039178008
-1,071886182;-0,906421039;-0,375918359
-1,040113343;-0,889738231;-1,396788759
-0,529290753;-0,979160682;-1,65003602
-0,862942058;-0,328744593;0,418063438
-0,538501915;0,196070802;0,875529309
1,042460226;-0,802686865;0,196314371
-0,099480216;0,037281514;-0,612498282
0,419029347;-0,508703425;-0,328093705
-0,160295441;1,874672197;1,749438541
0,103886545;0,47226286;-0,144041708
-0,250337967;0,060600753;1,19480585
0,641019402;0,076615561;-1,035389947
0,922589577;1,433662812;1,718268048
1,752925038;-1,08811348;1,980914713
-0,171265123;-0,459578015;-0,72337055
0,342849238;-1,4306551;0,714631389
-0,301974849;1,130258746;1,253771997
0,725853447;0,094313334;-0,418502795
0,337682942;-0,140831372;0,882788834
0,167420362;-2,018681173;1,109933534
-0,346869668;1,061440643;0,298347488
1,187064664;-1,593882141;-0,789901476
0,277664577;-0,801521033;1,279754874
0,507280562;0,8898693;-2,179900883
1,922142683;-0,267416826;-0,425149994
2,048839983;0,042295289;0,216664154
0,034470306;0,65578296;1,028194569
0,695450438;0,259916691;1,243117735
-0,283667171;2,414327275;-0,30779717
0,905964698;0,043440549;-0,402429896
2,572258007;0,962746993;1,568419073
-1,415205749;-0,348171202;0,675076858
0,807639543;-0,423659768;1,314453992
2,527681376;-1,03187682;0,381482403
-1,47791376;0,891345856;0,510035825
-1,007673586;0,507527973;-2,385481371
-0,05587444;-0,891745488;-0,153638896
0,153725706;0,038030952;1,703316306
-0,409124891;0,025898195;3,007968963
0,345844002;0,575054013;1,537562679
-1,393588169;1,123491743;-1,556994365
0,674189788;-0,401399366;-1,659103285
-0,306046101;-0,982649007;0,119092421
0,088529911;-1,5195004;1,726750116
0,612282068;2,24030029;-0,741271503
-0,202892343;0,103542835;-1,411221509
0,977268285;-2,0703579;-0,731894432
0,971441158;-1,06245713;-0,209101735
-0,728776107;1,395604922;1,408775745
-0,563287163;-0,56023299;0,491738163
-0,647804739;0,743336667;1,675980314
0,522942387;-2,029988837;-1,7146237
-0,168256497;-0,177031582;-0,937168521
-0,310946891;-0,089075975;-0,798863642
1,11183589;-0,048920748;0,207305445
1,018733439;0,36272792;-1,307688789
-0,071873879;0,919538165;1,744823478
-1,054232056;-0,495599304;-0,200874364
2,916714508;-0,534460348;0,009573002
0,69733336;-0,457143787;0,463235082
-0,995106126;-0,073860213;0,366235947
-0,212884144;0,601509955;-1,598630784
-0,131000304;2,279245589;0,072977729
1,685873585;-1,860482946;-0,079664284
-0,947028609;0,590570238;2,101975428
0,501141956;-0,285694832;0,379042949
-0,011371709;-0,452514142;0,153122763
0,424023585;-1,518771498;-0,424662216
2,456864534;1,186001064;-0,753047932
1,262915688;-0,556387909;0,44340725
1,885925697;-1,035804121;0,499615385
-0,142463159;-0,248494049;-0,615324747
-0,438269203;-0,148361075;1,630808708
0,33426922;0,088568251;-0,697084232
-0,474749035;0,710584005;-0,157295038
-0,991163778;-1,263336781;0,49979698
-0,058503246;1,732461879;0,290324029
-0,622160398;-0,320737187;1,299714977
0,688087641;1,12266628;-0,099439694
-0,632898369;2,693564539;0,639089254
-1,074604498;0,664997512;-0,325833227
-1,014445906;-0,609468854;-1,068664728
-0,346807268;-1,22461352;-0,326865203
0,548281391;-0,209101103;-1,413087493
0,837243488;-0,411475269;1,129473795
0,387502707;1,153807577;-0,139398627
1,39469867;-0,198603221;-0,971819346
-0,003782424;1,182319398;0,583886293
-2,631941374;-0,652371666;1,683667779
-0,616546407;-0,873282377;0,805185494
1,217925731;-0,019148906;-2,212055534
-1,149176788;0,181319907;-1,129199412
-0,538475789;-0,553211125;-0,221505284
-0,872401071;1,486988303;-1,615528674
-0,77828341;-1,639464682;2,195138077
0,829132379;-0,80983056;0,579508401
2,102243034;0,083124525;0,695780871
0,212136597;0,081803289;2,163378095
-0,632891221;-0,525920056;0,673947995
-1,452240246;0,124161484;1,236999571
-0,966944341;0,858142063;1,011672317
0,029673389;-0,026588566;0,545093556
1,19778209;-0,795221339;1,099996066
-0,822805633;-0,167004874;0,483490907
-0,862656955;0,161766906;0,764517424
0,007345664;0,103848819;-0,742972443
-1,312521545;0,239927439;-0,120466489
-1,30091424;0,354734209;-0,687866737
-0,10968526;0,720780238;-0,306420555
-0,867319898;-0,897904455;0,192579109
-3,10173796;1,073209758;0,8850047
0,760066041;0,334727604;-0,326837229
-0,206331502;-1,444831172;1,403959606
-0,886922086;1,60182123;-0,051645517
1,141207175;-1,105290561;0,876250495
-1,649785754;0,136778373;1,433274155
-0,458257265;0,097603824;0,046563999
-0,395816421;-0,128524496;-0,347995409
0,125513458;0,095897355;-1,471206813
1,489946617;-0,347242226;-0,400545003
0,163388384;0,637206828;-0,57208826
-0,318685335;-1,254439506;-0,896508197
0,399971777;-0,558019;0,337906866
0,906728478;0,035354545;-2,281954977
0,135626718;0,820290054;-1,212099005
0,192621797;-0,856346878;-1,54648321
-1,195169504;0,12483096;0,652876938
-0,444986001;-1,087373401;-0,165551543
0,044467684;-0,457736935;0,966044696
1,477727174;0,640449755;-1,273177951
-0,473866065;1,639076446;0,48325878
1,068897784;0,357069577;0,046508453
0,660179038;-1,27173645;0,054001736
1,005434152;0,977676226;-0,856001139
0,949674999;0,148134373;-0,966591594
-0,011130615;-0,097002593;-0,25863205
-0,702155199;-1,551212357;0,193929593
-1,019072311;-1,592624226;-0,037089578
0,555401303;1,28042221;-0,303990681
-0,150297004;-0,134294033;1,032664305
-1,325141669;-0,211464068;-0,099482186
-0,407844915;-0,414532269;-0,401178169
0,464629915;-0,059876564;-0,591482147
1,889521878;0,064033478;0,224874954
-0,092729617;0,001749364;0,144788769
-1,055052322;0,371445133;-0,597838071
-1,041719322;-1,414890581;0,042271476
0,330711022;-0,203016037;-0,407098783
-0,554394492;0,552055865;-2,343297196
1,270408635;-0,612835855;-0,576209969
-1,921607282;-1,759923107;0,271365896
0,462002759;-0,747722901;-2,278929204
-0,494266397;-0,68166367;-0,285760619
0,274175475;-0,25072674;0,130614634
1,191610796;-0,181686354;-0,215237365
0,219930578;-0,735820348;1,511674296
0,58322288;0,115790076;-0,181637116
-0,084295306;-1,753136823;-1,623340254
-0,454253424;-1,645151032;-1,344487643
0,671113693;-1,260288496;-0,651956145
0,317677646;1,177831033;1,32293916
0,894262911;0,539827579;0,36200017
-0,269059398;0,926185299;-0,285279143
3,045269759;1,129841549;-0,764994373
-1,013793648;0,396077822;-0,847577669
0,140845386;1,139723757;1,7226181
-0,448669448;0,734352923;-2,290083381
-0,493369402;-2,009206775;1,678851653
0,865278874;0,660509611;-0,788391356
-0,529095898;0,653329117;-0,336416014
-0,678572599;0,053164953;-1,0043819
0,70042923;1,456510423;-0,306284179
1,551465629;-0,944521473;-1,241160592
0,667462909;-0,638529533;-0,165835311
0,422183945;-0,309434328;-0,16815383
0,754454027;-0,186788803;0,089409556
0,544754439;0,227802751;-0,793534503
1,635517252;0,323293611;-0,581578167
-2,350553742;0,114577967;1,104988622
0,337723418;0,667434513;0,287888403
2,480188634;-0,11303754;-0,518383538
-1,445335726;-1,969540716;0,146389843
-0,588852094;-0,179412304;-0,696356108
-1,402260554;-1,515916747;0,313259188
0,725476759;-0,728494057;-0,2288666
-0,582466272;1,479724469;0,90426452
1,330375332;-0,773790685;0,506837442
-1,245067177;1,166877668;2,020039813
-0,579321023;-0,590210462;1,00325284
1,481667054;-2,087066667;0,259583761
-1,359443453;-1,048353626;-1,639602488
-0,931560862;-1,06579179;-0,560715555
0,555385656;-1,08002571;1,160405696
2,043819171;-1,051885651;0,100358124
0,944716645;-0,53255543;0,068755578
1,197969695;0,821641266;0,75218523
0,717213076;0,521056863;-0,499099444
0,564620298;-1,409226329;0,09243254
-0,143108535;-0,064692851;0,368360509
0,45404454;1,148894531;-0,047773335
0,326437086;1,120911701;1,834313973
-0,337423138;-0,759524066;0,212100672
-1,511788735;0,314034889;0,490890559
0,353229065;-0,299191415;-0,277950067
0,479708854;1,149042258;0,819196168
-0,603374207;-0,485302774;-0,383934893
-0,257249342;0,214527048;0,332103137
0,654903315;0,565263294;-0,733426864
-0,527627636;0,928121474;0,306009784
-0,890708022;-1,779082215;0,247601896
0,618109721;1,220472685;1,673616512
2,922973813;-0,458353844;1,190698117
-0,329960427;-0,796656237;0,039849647
-0,648685733;1,075214503;1,022594668
-0,202907267;0,692270889;0,212314519
-0,749957486;-0,263604146;0,134132772
-0,788452643;1,302441963;-0,045011466
1,338878171;0,1944788;0,343304068
-0,627736219;-1,349012234;-0,859556103
-0,056110752;-2,296097573;-0,218802814
2,298018692;0,595304493;1,036256951
0,865121716;-0,616602919;0,342016791
0,105463369;-1,512928263;0,116606432
-0,973568375;-0,089051183;0,215546273
-0,201563067;0,323835378;-0,22675665
-0,36299827;0,400938371;1,233048331
1,303596684;0,479443698;-0,3275972
-0,354824738;-0,359435747;0,095411684
1,718775644;1,063591543;1,223791054
-1,052262868;1,616609276;1,268757083
0,033284298;-1,733841508;1,04890551
-0,206343748;-0,166929776;0,229544568
-0,613178404;-1,488480023;0,737264504
0,231971525;-0,60767856;1,580532998
0,2796934;-1,425930744;-1,344585649
-1,642179649;-0,204036941;-0,09099865
-1,767849353;-0,994957453;0,527144609
0,235452037;0,120136897;0,637307776
-0,408461597;0,113436123;-1,499096661
-1,50868768;0,558064852;0,797791529
0,028242106;-0,531033014;-0,089520064
0,620598818;0,737923648;0,096600629
-1,023030145;0,688384172;1,167557508
-1,309220004;1,492892866;-1,891703508
-0,152208964;0,006600695;0,204067602
-0,147250565;-0,066840752;1,621485787
0,321271456;-0,774404304;-0,224896466
-0,815827786;-1,942462347;0,292188323
-0,478432656;0,880028124;-0,285150366
1,264043934;0,861696615;-1,401949763
-1,038297148;-0,865829337;0,442056764
0,470644303;2,038631088;-1,463529634
-0,156358089;0,986068356;-1,154794367
-0,016027517;-0,051029015;0,896245403
0,145798094;0,195381979;0,5254942
0,636035689;-1,144276775;-0,520794686
1,105516082;1,188800703;-0,089915003
-0,703970873;-0,763014088;-0,379562572
-0,289733058;-2,130445812;-0,872945603
-0,983660554;0,442146204;-1,300033393
0,475568677;0,881634209;-0,184632571
0,273561262;0,171669596;-1,128009422
0,490466095;1,970900681;0,006952433
1,107958825;-2,02731986;1,30208577
0,068688978;-0,281099579;-0,135930028
0,921889213;0,999505722;0,676257465
-0,885834941;0,024020523;-1,143340514
1,324465353;1,696052427;-0,555787463
1,501758478;-0,646280259;-1,199879212
-1,348794638;0,069802861;0,06865936
-0,634659185;-2,32165205;0,181227897
1,970168708;-0,350997713;0,034701004
1,402361463;0,544168778;-1,726505827
0,137836612;1,751517599;0,449915835
1,027153825;0,367519196;-0,681496683
1,313461656;-0,012312182;-0,04482451
1,941109322;0,196930169;-0,73514157
0,960150524;-0,61492435;1,273139699
0,291896256;0,128834707;0,027584751
1,890279142;-1,703494702;0,126609207
0,722188781;-1,495400846;-0,192706793
2,019057318;0,702486077;-1,176706708
-0,702565399;-0,106730902;-1,885985485
-0,277013986;-0,467757904;-2,550157916
0,275478336;2,190815379;0,521850713
-0,808909707;0,152203477;-0,85987867
-1,210046023;1,32969631;-1,381554586
-1,019758225;0,122779646;-0,85305413
0,385013173;0,972945125;1,709769307
-1,828146909;0,210130559;-1,102299372
0,785838634;-0,322903653;-0,462943612
0,399908557;-0,671727938;-1,661103175
0,049004553;-0,565149864;-0,376347863
1,990189891;0,357295057;0,332874208
0,292611332;0,229197953;-0,654428561
-0,682753488;-1,003281031;0,152735297
-0,736560109;-0,176664538;-0,352320511
-0,871918275;0,027869301;-0,105994114
0,143875004;0,173608271;-0,022641285
-0,116676169;-0,735979058;0,726346751
-0,846520304;-0,21269635;1,827660728
-1,50370639;-0,132162862;-0,024009488
-0,677402263;1,386689351;0,629202146
-1,309930145;-0,596346576;0,660241757
-0,599161172;0,635119717;-0,381180208
1,813501316;-1,180600822;1,214816407
1,314590299;0,386928095;-1,066729296
1,204883463;0,408099544;1,914958633
0,412719344;-1,953164989;0,357442606
0,40135613;-0,012601768;0,576206562
1,033182134;0,441638573;1,347846931
0,416871576;-2,237286606;1,271114626
-1,128575344;1,741716068;-0,510374518
0,668453723;-0,60548378;0,818951409
-0,884124293;0,719759086;0,406392453
-0,331855638;-3,260716327;-0,071522931
1,254517362;0,786470968;-0,937687054
1,445118453;0,183836983;-2,082766664
1,126441631;-0,669282946;-0,511536792
-0,859718262;1,2088058;-1,436468698
-0,431601884;0,576835268;-0,904334502
-0,121745947;-0,383861431;-0,26004394
0,079272069;-1,650347163;-0,366839708
1,018277545;-1,580443777;0,83534093
-1,313418288;-3,046069201;0,322328053
0,090996456;0,805000174;0,360040068
1,020895535;0,979659127;-2,011493019
-0,825663769;-0,910624462;2,163554157
-1,847758918;1,09119459;-0,449692755
0,189577059;-0,757660131;0,258843512
-0,565706873;1,083958965;2,569290273
-0,795181497;-1,802323899;0,62452818
0,186054803;0,940492933;0,927435918
-0,135227522;-0,078760169;-0,658345598
0,284578016;-1,219300208;2,134816714
-1,569989146;-0,559360931;-1,446744458
0,55381431;0,971844827;-0,37304146
0,145162356;0,275481608;-0,847528897
0,751177575;0,172266817;0,039314922
0,350252895;-0,029123748;1,415596115
-0,645777109;1,557418146;-0,284695063
-0,290107979;-0,579542104;0,630320993
0,648264474;-0,325749533;-0,09092403
0,406171857;0,832065756;0,389092526
2,254987497;-1,565470171;0,165530123
0,757699619;-0,117578912;-0,265343217
0,547224192;0,781200639;-0,33822309
-1,485043598;-0,579922066;0,051126728
1,769025214;-0,465754688;-1,501943479
-1,282342845;-0,136471961;-0,191794731
0,760193571;0,86613686;-1,750126195
0,900567823;-1,386028179;1,186154201
0,182157741;0,028554456;-0,532726813
0,984696248;0,513542886;-0,219708325
0,74990288;-1,113345557;-0,557712077
1,274296856;-0,306646144;1,303081983
0,029782733;-2,755917515;-1,23555755
0,658500706;-0,347157897;0,028944025
-1,356684668;-1,403643769;0,387284729
0,586965533;-0,680274183;-0,881104313
-1,348747281;-0,8053889;-0,283646742
0,430636668;1,805240306;-0,305211941
0,522740676;-0,91872386;-0,372097956
-0,455663821;-1,412524844;0,614209955
-0,027322709;1,805192322;-0,182468013
-0,119380485;1,348362024;-0,167834195
0,625376724;0,241934052;0,310244255
-0,601777525;0,836749838;2,211916569
-0,129533251;-0,322179287;1,044652227
-0,373778072;-0,711352317;0,12188141
-1,567485511;-0,322476483;1,537496804
-0,113546724;-0,942091032;1,517613198
0,295171332;-1,726741911;-0,529126505
3,023841946;-2,101093282;-1,35240664
-0,008072468;0,246669521;-0,28520017
-0,58320184;-0,012619166;-0,903226996
-0,882904508;-1,92879441;0,005474516
-1,133351508;0,984070824;2,338471271
-1,97581752;0,067178727;-1,599216827
0,110536607;-0,83293648;0,40239519
1,200002206;0,289827842;-0,074492345
1,54435493;-0,597603791;-0,623975516
-1,286178811;0,849344896;0,658079548
0,977136172;0,164462488;-0,555914945
1,111814512;1,626924986;-0,639533535
0,036223998;1,452057987;0,056327798
-0,037262858;0,631113202;0,835415942
-0,100301296;0,856270392;0,035448629
0,214852441;-0,925881689;-0,44980364
0,652908428;-0,826418657;-1,299539368
-1,272237456;0,849270536;-0,892270716
0,258304982;0,977647937;-1,638324211
-0,341426196;-0,609673975;-0,69876016
-0,000950837;0,259285892;-0,453485559
0,146430819;1,81563422;0,148495496
0,576037114;1,118439276;-0,116338386
-0,402762897;-0,708146399;0,424766449
-0,254429245;0,294320478;-0,53374273
1,041290861;-0,412389343;-0,092042712
-0,187695269;0,626405994;0,009820774
-2,315132053;0,159373488;1,546146561
0,774455381;0,225438872;-1,640274678
1,448143057;0,700807854;0,44837773
-0,065882261;0,894670138;0,40370323
-0,402584531;-0,258206158;1,179032412
-0,032977509;1,422679674;-0,784758251
-0,922302043;0,539778484;-0,43674895
-0,061592714;0,762619898;-0,012709442
1,564376939;1,12662345;-0,050881069
0,888725286;1,156706479;1,099110842
1,499860306;-0,648368577;-0,17129617
0,100452572;-0,712335724;0,200684316
0,215307038;-1,028876722;-0,062868164
-0,427353806;0,096765084;-0,011420028
0,570787861;-2,03857741;1,779590729
-1,276150117;-1,308670447;-0,535357916
-0,040613597;-0,465757688;-1,34557696
-0,46046273;0,599939024;-0,512820347
0,384673284;-2,204001163;0,510008165
-0,44437222;-0,774339583;1,09079281
0,556029138;-0,766048846;0,238694219
-0,107345158;-0,546102056;0,097913024
1,007741204;0,364538365;1,732993695
0,275106003;-0,03053652;0,125034368
-0,536103074;1,929511379;1,924805021
-0,042157537;2,818891689;-0,542211333
0,536576151;1,497150996;-1,14626774
-0,895140077;-1,44579733;0,687537055
-0,63285638;1,71957626;0,001711107
0,143660247;-0,47404199;-0,869705603
2,129796706;0,417692019;-1,845253761
0,230254523;0,996839253;0,719490676
-0,236898793;-0,15660151;0,616272857
0,773323951;-2,969634263;1,598934295
-1,030116075;0,767509233;-0,397007771
0,255193155;-0,379511784;-1,241198291
-0,517965288;0,818258916;-1,061167874
-0,284501351;0,316844328;0,282272615
0,215515777;-1,28136081;-0,461967628
-1,136696269;0,90437604;-0,551295786
-1,310238146;1,124128581;-0,892125561
0,91541712;-0,296199002;0,056231619
-0,073795838;-0,474217458;0,940522707
-1,37955867;1,094838183;0,561246625
-1,506802051;-0,005853369;1,454874709
1,306337223;0,266770033;1,127501851
0,420834952;0,691000082;0,618902104
-1,121022271;-0,75115895;1,766582422
0,312137662;-0,368450555;-0,04311856
-2,370253219;-0,5419596;0,673961563
0,651769071;0,938079223;0,561274824
-0,976325364;0,275661827;-0,276802205
1,088064135;-1,81679739;-0,501282463
-0,40072164;-2,426735684;-0,768117355
1,669718297;-1,360853903;0,943571659
-0,021755902;0,029333562;-0,747596682
-0,813802063;-0,12965517;1,02373384
0,630107426;1,127882528;0,559400122
-1,04771654;0,161546138;0,677713037
-1,57946184;-1,641428508;0,390824861
-1,337474229;-0,636412473;-1,313803608
1,223418201;1,683411349;-0,426031837
-0,383828705;-0,304103911;-0,255699378
0,33094741;1,747608259;0,875342024
1,917682913;0,218565066;-1,243149396
-0,225090543;0,160696887;0,523412694
0,32108368;0,257530535;1,649228056
0,311106193;0,632533831;0,955873879
-1,782426813;1,772847308;0,268476459
1,436956812;1,016156201;-0,21271673
0,11721124;-1,770500211;-0,142008845
-0,878851387;-0,019579632;-0,998420178
-0,16503044;-0,495195067;0,44075505
-1,874317321;-0,956017621;-2,508780935
-1,611558133;0,815389739;-0,923774905
1,141265642;-0,794828267;1,130268149
0,432128498;0,103426487;-0,211432441
-0,247791644;-0,049439504;0,733094692
1,073626465;1,412378153;-1,663948416
1,707352645;1,515520846;0,320971654
-0,716806184;-1,318187552;0,790172546
0,605665465;-0,800191958;-0,013912064
0,196320008;0,910184697;-0,935441742
-0,898924862;-0,665389005;1,085199168
0,762160466;-1,550566874;0,69116055
-0,771954543;2,168688594;0,760782918
-0,469311983;-1,073158647;-0,268386116
0,505676365;1,13060407;2,727658903
-0,749071259;2,679358575;0,62822401
1,348433517;-1,364276919;-0,461042489
-0,45593277;0,271179348;-1,321828151
0,053652927;-0,080385192;-1,341100261
0,141243104;-0,007318828;-0,231631276
1,397959136;-0,224790541;0,333619168
1,00692131;-0,013595572;-0,127196413
0,956965384;0,974032567;0,6089125
-1,539680112;-1,328242803;1,949332617
0,422696985;0,428663348;1,355472106
-0,482525553;0,014190939;-0,972306195
0,406820877;0,373149986;-1,567568051
0,093145929;0,343653209;-1,030558355
-1,854980117;1,142916245;0,636125471
0,341007578;-0,853615251;1,120133369
1,769125657;1,760342559;-1,305983457
0,662587341;1,215608186;-1,500596248
0,342718316;-0,685159199;-0,469160635
-0,0148963;0,019021516;0,841486868
-1,701254224;-1,024833494;-0,640489359
-0,421018448;1,639337956;0,764513543
0,848957004;-0,412991303;-1,22264441
0,61265834;-1,834583827;1,658153662
-1,050432614;0,735637014;-0,583537995
-1,414985178;-0,044294584;1,406653377
0,147726092;0,225312304;0,436450962
0,646033585;-1,306741386;-0,530826018
-1,545451306;-0,431178447;1,030251066
-0,619025857;-1,520762391;0,482467161
-1,055298516;0,840068912;0,190972046
-1,15669804;1,281562561;-1,212720898
-0,497463654;-1,100084497;-1,349161998
-0,776116216;0,836270036;-0,135900354
-2,455775979;0,550574785;1,202523753
2,366152356;-0,027310522;-0,447798294
0,021958095;0,741863255;1,198183132
-0,752124194;0,196745532;0,912293432
0,354281391;-1,08447219;0,432547874
0,206183618;-0,850359232;0,586068222
0,312879225;2,361305089;0,830428253
-0,268433764;0,272175624;-0,889315034
0,482080317;0,516442201;1,03409232
-0,710243707;-0,548510604;0,33624761
-0,844383106;-1,052093252;0,567863125
1,89000313;-0,052126326;-0,432816252
-1,168039531;0,669551279;0,351177752
-0,90007231;-1,242082412;-0,85261301
-1,364429393;1,004471502;-0,746857818
-0,048911614;-1,253430101;1,768719623
1,976072582;1,047587636;-0,065437386
0,774395738;1,058031526;0,201367706
-1,491797634;0,645078003;1,150737923
0,724959974;0,612040001;0,371037678
-0,730917249;0,598747279;0,054837359
0,76978625;-0,149875737;-2,041647682
0,104585334;-0,489376686;0,353939378
-0,194968841;-1,374691428;-1,903873729
-1,11261539;0,02872587;0,933070005
2,47186953;0,199779175;-2,381599578
-0,722187667;-0,473406922;-0,493894934
0,217193297;3,672721134;-0,228227416
-0,369075015;-1,587950515;0,084904804
1,564113304;0,573652294;-0,042697821
-0,089391378;-1,986600101;0,063557379
0,322874878;1,343425449;-0,729530662
-0,70995549;0,417113757;-0,487958235
1,562811139;0,135756892;-0,705454615
1,621663306;-1,097608399;-1,167046364
0,479693688;1,212856264;-1,649891905
0,304324347;-1,942620846;0,027484343
0,525030008;-0,245821329;-0,749465397
0,538415702;0,191709422;-0,446309775
0,558962616;1,325704237;0,263740248
-0,096371659;-0,061038676;1,172817075
0,675176379;-1,257988434;0,710525565
-0,180138463;-0,11497929;-0,121165438
0,54661429;-0,657854013;-0,165008231
0,570434463;-0,133736922;0,813789746
-0,331570168;-0,932314437;0,101672363
-0,147420616;1,348608249;0,0393798
-0,22157937;-0,136421689;0,061974902
-0,438686442;-0,330005533;-0,273641614
1,748281836;-2,120731101;0,178447819
1,148193077;-0,4790452;-0,490894372
-0,972296749;-0,517991281;-0,431183252
-1,411763194;-1,133999122;-1,011779366
0,08145162;1,149296509;0,60480911
0,588316789;-1,912052209;-0,853580349
-1,292916798;0,848905437;-1,412084911
-0,171408878;-0,997725466;1,230093584
-0,296469751;0,205499877;0,465059233
-0,0998033;-0,508404913;-0,122296328
2,068029976;-0,238446248;-0,336898227
-0,792409078;-1,21646363;-0,486737708
-1,055003375;-1,066725226;0,22395201
0,519994768;0,593726471;0,900759198
1,59106088;2,212978264;-0,806372087
-0,572286409;0,492734062;-0,58238036
-1,813365032;0,346237921;1,187232273
-0,489017483;0,504426078;0,468738402
0,242125282;0,266667987;0,875879353
2,559751026;0,001467602;-0,154643602
0,729704849;0,832637058;0,629816598
-1,920594804;0,42598246;-0,181410974
0,336811911;1,602915611;-0,074341413
-0,722530263;0,000312798;1,328839095
-0,200354099;0,062069929;0,336042614
1,121716295;-0,030158699;-0,839593662
-0,838211112;-0,350418213;0,273021702
0,385970162;-0,78519132;-0,851530234
0,952784613;-0,185663759;-0,227314903
0,360553249;-1,208344001;-0,178553351
0,584845867;1,65471904;-1,063983693
-1,05122414;0,708755526;-0,054691529
-1,227687538;-1,523598042;-0,330128489
-0,359539234;0,615672531;-1,741760144
0,495782969;1,650581839;1,038972028
2,095133361;0,21119612;1,660208801
-0,179010578;-2,174138007;-1,480887766
-0,276354975;-1,930651286;-0,951587068
-0,071594235;0,148002465;0,705124769
-0,888000871;-0,452174803;-0,167816052
1,896499288;0,066276092;-0,766730282
0,707019391;-1,044550568;-1,200689406
-0,112015465;0,337759991;-0,495047425
0,197722285;0,312251155;1,241121778
0,829779388;-0,476263369;-1,081882609
0,422472952;-0,297513329;-0,009637747
-1,392673196;0,461815243;0,49914284
-0,375890827;0,115293395;0,300923299
1,176188606;-0,917397536;-0,712090566
-0,658977864;1,116669164;0,297403849
-0,960801958;-0,586883066;-0,411616954
-0,924708657;0,29326752;0,805455534
-0,11415345;0,18467882;1,671433416
0,124957513;-1,222035453;-1,195789689
-0,194917258;0,800481805;0,3089948
0,564235665;0,942660629;-0,344674238
0,487571795;1,774991483;-0,079573973
-0,002857699;-0,471357636;-0,713022546
-0,630110539;0,2684433;-0,137963463
-0,463017906;1,907197422;-0,189546624
0,775781446;0,146419654;0,707129674
0,366206454;0,44664722;-1,093419191
1,328391291;-0,716732467;-0,191432325
-0,477241161;0,55913623;-0,878381239
-0,059771239;0,376536298;-0,529480546
-0,688552316;1,01692666;-0,417415868
1,034045888;0,815517428;0,166493707
-0,366274732;-0,717320158;-2,464293368
0,711999082;0,631037632;0,966097556
-0,473837045;-1,314040223;-0,848078645
0,977588811;-0,100312338;1,429187642
0,015282525;-1,427771187;-2,028545245
-0,208167492;-0,708404026;-1,295967024
1,050394356;1,610199676;-1,195591349
-0,217369897;-0,028954573;-1,736861929
-0,389413102;-1,729155234;0,663584255
-0,436283204;-0,624583419;0,430909696
-1,097679791;-1,223568157;0,183323329
-0,006791116;-0,521314845;1,020173053
0,307380859;-0,991484689;0,774228238
-1,516275242;0,157276546;0,400850555
0,348833115;1,0588729;-0,888733972
-0,312021752;0,326029991;0,273879255
1,191787122;-0,090475734;-0,546522972
-0,409838388;0,568302186;-0,257392911
1,283714693;0,127877594;0,097166673
-0,22838099;0,07074918;-0,931997176
0,036544675;1,828771467;1,027116065
1,118461367;-0,263989853;0,134081873
0,19941012;-0,693222367;-0,149993975
-0,471394208;-1,660495679;-1,613204683
-0,468189286;0,464354031;-0,852008131
-0,668052256;-0,411120533;-1,261332349
0,500355726;-1,6577274;0,690256035
-0,459124581;0,830353851;0,583004803
-1,734363654;0,533047364;2,312949404
0,663486889;1,636342465;0,25775146
-0,795190964;-0,88264968;-1,367019421
-0,962423281;-1,388718458;1,261469223
-0,110485361;1,774247133;-0,020258234
-0,686741043;-0,412639918;-0,17055637
0,214249571;-1,063261511;0,393467255
0,613831946;-0,228829065;0,069984333
-1,387707315;-0,596025069;0,94158736
-0,599447418;-0,797099526;1,319655594
0,550900766;0,481703695;0,353021656
-1,615744608;-0,630815196;1,05289234
0,386021278;-0,79599377;-0,17141707
-1,322690894;-0,941029009;0,229854554
0,39998158;0,506645537;0,302568008
-0,253230494;-0,632971667;-1,378652605
0,104002084;1,653523003;0,319868414
0,201389747;-0,0500741;-0,840758417
1,93170634;0,854958345;0,417700194
1,630322595;-0,229242421;-0,294614437
1,085772793;-0,820487113;-1,048020245
1,001548578;0,201659293;0,486686102
-0,466255884;0,018875453;-1,417454221
0,038050577;0,232460424;1,744758435
1,009547434;-1,792279793;1,513508037
-0,202377945;-0,468715706;0,543250725
-0,525185426;-1,535017774;-1,042706952
0,390046452;1,357455363;1,130912962
-0,445212698;-0,827405206;2,437483106
-0,315545171;0,706747723;0,796276853
-0,167566786;0,032050704;0,507572102
2,252130543;0,156947557;-0,49716538
1,679933029;-0,130310107;1,401686923
-1,524584241;-1,055934392;-0,757198963
1,086572802;-0,759441888;-0,056524858
-1,446377126;-0,581649981;0,984336699
-0,634762818;0,70322934;1,485898255
1,277317384;0,410222461;-0,437442427
1,027500891;-0,775884701;-2,493532946
-1,787565631;0,670906102;-0,961420152
-0,755190609;0,257384974;0,766774666
1,129865021;-2,110273661;1,034798759
1,719051794;-0,198476648;-0,399657267
1,69099915;-0,724890064;0,32191528
0,366892204;-0,724175721;-0,409720003
0,558347166;-1,081380322;-3,199304036
1,472893814;0,358799484;-1,076116203
-0,162515948;2,017642072;-0,333415314
-0,254261934;0,236811175;1,23971331
-0,454014542;1,168566008;-0,573021965
1,542261993;-0,08091457;0,338018372
1,688069863;-0,580700716;-0,48374211
-0,181309845;0,57070653;-0,762596277
0,439914731;-0,166614029;-0,500996167
0,449738233;0,825062844;-0,383935648
-0,315379504;1,246206688;-0,121558787
-0,379571769;0,670537099;-0,052867159
-0,735577935;0,371445265;1,091709869
3,825940675;0,545112412;0,64556486
0,300634859;0,322454631;1,293272662
-0,51209679;-0,260042696;-0,528290973
1,13950007;0,743371668;-0,734617048
-0,027539116;-0,724160165;-0,309780447
-0,837567295;1,543295222;-1,260581935
1,320598059;-0,274984383;0,549016658
-0,01584416;0,081375916;1,120800982
1,180423255;-1,209830976;0,35413258
-2,129354942;-0,723698112;-1,659333644
-2,065313327;-0,918348319;-0,67643486
0,680626772;0,596764889;-1,748323238
-0,730043698;0,431333953;-1,941689419
-0,251938106;1,424444586;-0,404692516
-0,485781354;0,513278775;-1,143883151
0,839384387;1,005079731;1,999535593
-0,048223743;1,377615111;0,001532225
-0,230241085;0,337745495;2,246249424
0,101649504;-1,55566801;2,119938226
0,496507587;1,090087991;0,738280082
0,166594989;0,942796515;1,057354354
-1,103463625;-0,013638924;0,96721794
0,391041073;-0,51489526;-1,464858535
-2,317796757;0,316737512;0,179245508
-0,686743033;1,410239062;0,242111938
-0,103547834;1,4097674;-1,608298565
0,605627141;0,568238774;1,29762666
-0,008617928;-0,878982462;0,868623656
-1,424056858;-0,207785146;0,136883546
0,397541457;0,470872267;1,735237296
-1,010626773;-0,690752405;-0,043998803
0,693566075;-0,057044288;-1,253657951
-0,562661301;-0,038314738;0,996373591
0,238177722;1,800924595;0,509885095
-0,936937021;1,03323693;-1,010410131
1,124010855;-0,685551227;0,001174911
1,53250589;0,881881039;0,995362948
-0,511655785;-1,243071174;-0,181059487
0,48128675;-0,814838613;-1,25595817
0,008435674;-0,238009533;-0,960886644
0,126046376;0,189103828;0,95478165
1,30810735;-0,477460924;0,136649351
-1,603847512;0,470548013;0,866640597
1,186523688;-0,881696158;-0,746653128
2,766947175;-0,089706717;1,055313377
-1,906402923;-2,041839194;-0,80646911
2,377414289;-0,913012552;-0,464747761
1,590201246;0,612071906;-1,387269831
-0,818887661;-0,889442129;0,823492528
-1,828632797;0,992089164;1,390701151
0,70300591;-1,266084271;-1,474769919
0,709468707;1,224429241;-0,704033995
0,058603404;-0,423726569;0,071127316
0,150396346;1,921229096;0,916989091
0,56693814;2,270835618;0,344522412
-1,694843508;-0,565837906;0,452955926
1,218615571;0,731874814;-1,018529962
0,676595049;-0,463641589;1,323563674
-0,61997341;-1,309077989;0,61172093
-0,509255351;-0,694091788;0,804743788
0,278634148;-0,235924695;1,060325964
2,015897181;-1,639762682;-0,364419217
-0,498989059;1,39110389;1,14978404
0,64078975;0,236020594;-0,970822862
-0,812378187;-1,029235585;1,986018651
-0,812618642;-0,89827156;-0,394035234
1,075119774;0,864115451;1,540633685
0,917298495;-0,370680399;-0,18300712
-0,266396211;1,862863106;-0,35852358
-1,149328054;-1,04332254;-0,314108126
0,422970028;-0,259349916;0,920314393
-2,635562885;0,60810015;0,431001893
-0,05995478;0,064737269;0,443142835
0,002078728;2,407677091;1,017533957
0,504667928;0,008239142;-0,268687775
0,747427617;-1,112658558;1,331561407
0,080682588;-1,946720191;-0,237050893
1,570198601;0,557537518;1,078119055
1,847280564;-1,093168803;-0,190525974
-1,696079096;-0,483113114;1,32460541
-0,730921631;-0,490582996;0,192446164
-0,869067751;-0,482383137;-0,155370375
-0,329386999;-0,416142807;-0,677172574
-0,032266326;-1,573752029;0,999088268
-0,673606321;-0,047892319;-0,381754483
-0,868618457;-0,679258706;0,394961983
0,889716967;0,05302611;1,339788118
-0,331501015;0,848330696;0,434885969
1,387641642;1,645579714;-0,07319658
-0,494963671;-0,383455278;-0,381508919
-0,280934076;0,60526812;0,815650686
-0,208554248;-0,378894367;-0,592615547
-0,110143811;0,329638261;-1,007139539
-0,065058496;-0,580123372;-0,771959261
-0,33882069;-1,257806904;-0,096034794
1,038052513;0,972971169;0,297605916
1,469081871;0,457549606;0,168420986
0,522827224;-0,528293206;-1,084511402
-0,613204199;-1,545350641;0,546172855
-0,131362187;1,354046902;-1,620112034
-1,089028741;-0,434895267;-1,785856432
-1,597581367;1,244208227;-0,016364186
0,011386595;-0,430064607;0,344749349
0,704764151;0,428546882;-0,479136928
0,434400592;1,676853493;0,871052241
0,033528049;0,074462848;0,204316864
0,121292692;1,093490466;1,509292997
-2,8145854;-0,204592913;0,934434549
-0,173576046;0,441798304;-1,101134747
-1,563252457;0,132214424;0,066547351
0,39525409;1,805717666;-1,300767997
1,454048977;1,053145098;0,411447639
-0,134416462;-0,39036205;1,050722848
0,742731039;0,600108978;-0,033636894
0,019970909;-1,07112867;-2,443795067
-1,906369168;-1,046756199;-1,337046704
0,105208948;0,45298911;0,165218141
-1,308617037;2,938232537;-0,170213032
1,430477041;0,106336309;0,61404139
-1,557780186;-1,620735056;0,065163888
-1,205874178;-0,343165776;1,40570174
-0,194308533;1,271501006;-0,527797907
-1,240444245;1,345542314;-1,154872984
-1,737658755;-1,01057931;0,339308259
0,504485429;-0,137439817;2,459778027
-0,128022645;0,179731661;0,454412071
-0,175957804;-0,430324573;0,643298696
0,805813881;1,633603144;0,708950194
0,869978466;-0,985151373;-2,008251296
1,586497402;0,940154596;-0,998561551
-0,638705538;-0,400543818;0,699359336
1,165023381;0,822947081;0,179428845
0,913058258;0,02700922;-0,14122201
-0,238017817;1,240272341;0,43587216
0,600299622;0,307547634;-0,24790219
-0,830616508;1,123285934;1,841198613
-1,059678299;0,663878563;-1,460140875
1,030049946;-0,571734387;0,581344995
-0,714907714;-2,291869477;0,917150462
0,856262972;0,185482549;0,04684708
-2,12651677;0,915537308;0,41313255
0,002618672;0,330078327;0,028409902
-0,746520946;0,39790093;-0,47557537
-1,825806435;-0,885702801;0,027203413
0,047285788;1,076882159;1,060616457
-0,733733381;0,984148322;-1,664292104
1,670580986;-0,801333384;0,193472997
0,838514263;-0,935346;-0,990795703
0,549428537;1,352416492;-1,610582983
-0,066169018;-0,720979693;2,158647929
0,286941628;1,461264388;0,164742383
-0,061924845;-0,978215328;0,452742348
-0,531360682;-1,009255098;0,900448958
-0,65061673;-1,183947036;0,828963958
0,638766248;1,400501692;-0,00357438
1,260613973;0,740147138;0,698332539
-0,391067847;0,811395683;-2,193961812
2,132171397;1,10011292;0,629969549
-0,119689703;-0,539287319;2,211039776
0,54352888;0,920212411;-0,603271537
1,191675182;-0,298630628;-0,736513371
-0,382217877;2,414140445;0,010156256
0,999092735;0,828768107;0,546127885
0,306667189;0,345574543;0,738002945
0,428523319;-0,733422741;1,238164849
0,304311994;-0,847144092;0,090088966
-1,797573006;-0,353927738;-0,202789054
1,184285213;1,301843882;-0,067987368
0,861897537;0,036329394;1,001337288
0,872813071;-0,095156041;-0,119312685
-0,711929146;1,618686445;-0,134829517
1,994501082;0,582810517;0,15010348
-0,45431157;-0,247317178;0,298954296
