X;Y;Value
0,52858731;0,431460448;0,364099526
0,781484619;0,215493416;0,079786791
0,47065948;0,942407243;0,325491857
0,278592884;0,358202737;0,847624674
0,737372018;0,011995545;0,202486783
0,428835467;0,664105099;0,319075816
0,472451586;0,401041133;0,847232056
0,862916434;0,192971138;0,805768602
0,795883475;0,070250821;0,199972767
0,737195219;0,811680812;0,540875556
0,370630743;0,388807934;0,076951485
0,856048869;0,141104618;0,093661087
0,952331593;0,400588745;0,704156953
0,366313161;0,772163633;0,75664308
0,87841195;0,261391883;0,670291677
0,339493123;0,617033836;0,690676204
0,221393053;0,419970967;0,721478323
0,624285116;0,440857435;0,880453624
0,890022309;0,667789324;0,845451846
0,481059651;0,760045327;0,292802505
0,77904551;0,583348879;0,40652859
0,962808876;0,416223857;0,818102143
0,517723804;0,924479527;0,889871287
0,009080433;0,355923477;0,010167505
0,668037737;0,720029291;0,731684658
0,18206065;0,077669079;0,954745626
0,570670131;0,282907523;0,766094312
0,695820583;0,742938197;0,319919703
0,749028508;0,99486672;0,874514768
0,903223326;0,43562015;0,148422445
0,845669157;0,75668536;0,661102225
0,441212473;0,983070392;0,740298093
0,839822401;0,329924325;0,77648467
0,770884526;0,899875494;0,593520892
0,585274128;0,145761411;0,930365064
0,524970939;0,18147223;0,453174582
0,81550165;0,87768115;0,184384957
0,788264288;0,686843321;0,231901257
0,131634063;0,529751578;0,848962551
0,99863056;0,735645332;0,536976518
0,037068304;0,018962769;0,812270992
0,826230614;0,096408811;0,385641317
0,475271698;0,34269526;0,00360202
0,615651822;0,523003641;0,892101794
0,226440428;0,617275902;0,919610911
0,016503679;0,931947897;0,279809732
0,524869373;0,174578359;0,862937762
0,830658095;0,099667955;0,294403449
0,480237549;0,623517287;0,41500178
0,618827124;0,350955728;0,804849471
0,043448702;0,593895508;0,638789452
0,911201607;0,708450815;0,626773016
0,520104776;0,744021286;0,35661338
0,735679436;0,691599867;0,221434958
0,693726784;0,062118663;0,974250828
0,018915072;0,430597066;0,147067739
0,153822718;0,778095448;0,852443844
0,119450609;0,731901573;0,211890118
0,993034217;0,799461815;0,74855293
0,510842869;0,212818757;0,701102431
0,64841383;0,489413857;0,591751592
0,961442967;0,963578075;0,491407824
0,049171684;0,002202124;0,909998136
0,54998741;0,303033329;0,660883955
0,342187016;0,108960132;0,666295597
0,317307921;0,440692825;0,37962153
0,301396335;0,836509636;0,152890085
0,883169382;0,542271581;0,979759593
0,717343282;0,950932624;0,264558164
0,989180717;0,900735509;0,741878767
0,965722168;0,365677831;0,190313861
0,576637226;0,047147279;0,669380043
0,849406461;0,44407694;0,233560421
0,757231005;0,022571732;0,246347738
0,551012897;0,387648723;0,869997906
0,905630122;0,598278794;0,689793949
0,290793623;0,844560763;0,687938268
0,382778688;0,94812178;0,461741629
0,439080919;0,018848328;0,4666701
0,681823119;0,314939597;0,312668854
0,985813063;0,501588899;0,941856561
0,237412791;0,873548428;0,218186972
0,769063628;0,407434764;0,981736162
0,572390434;0,477329359;0,4896093
0,410894618;0,542368086;0,367577154
0,09764064;0,188614697;0,476226263
0,430121014;0,242573135;0,570467843
0,42010914;0,98316389;0,779333775
0,240282755;0,824693445;0,219374053
0,038891606;0,5374354;0,852508173
0,362817462;0,590529873;0,293872793
0,063427097;0,510553384;0,83123365
0,519763394;0,816488927;0,218327733
0,332358757;0,667914589;0,202736164
0,064281186;0,203527997;0,264330363
0,492786251;0,406462091;0,206205419
0,910294228;0,67047066;0,50640815
0,748628548;0,935779141;0,594202953
0,38775241;0,569319068;0,722547277
0,511706406;0,6923308;0,680979469
0,167326097;0,699481123;0,474182082
0,554484515;0,600363997;0,132714939
0,419505026;0,800135763;0,017497563
0,735944257;0,09727151;0,527215604
0,886652581;0,873176425;0,448837783
0,386845111;0,02436454;0,710046649
0,607227517;0,427904942;0,114088763
0,331040138;0,519459671;0,887984565
0,259526429;0,337261493;0,674859635
0,819476534;0,546386644;0,188198214
0,685272993;0,0309056;0,440356823
0,245383398;0,35728093;0,716034866
0,536272097;0,099357544;0,913026003
0,208250208;0,801534138;0,185330306
0,718677207;0,272360022;0,055420581
0,152551021;0,523133806;0,947849661
0,897902217;0,958221242;0,254064566
0,941740562;0,967742835;0,158281001
0,502457978;0,280096233;0,992010918
0,857607121;0,694750546;0,954954783
0,392543567;0,248128657;0,102587163
0,236779805;0,305333522;0,380413331
0,433030948;0,659872386;0,312646511
0,720853109;0,604342362;0,937194513
0,476955966;0,281501555;0,513443621
0,579076639;0,446636121;0,543534583
0,92103444;0,641090959;0,492464311
0,583372161;0,578398984;0,376020484
0,340874438;0,314040157;0,404634612
0,462640383;0,735296312;0,151725981
0,957740582;0,433291346;0,282634515
0,94308083;0,016162993;0,6741782
0,347209676;0,723890873;0,00954929
0,634466431;0,130571584;0,11048934
0,953836759;0,298593188;0,340736771
0,29508325;0,199801468;0,731191064
0,936157219;0,878694744;0,568342911
0,372852015;0,340807796;0,22168592
0,552893816;0,99185968;0,065863994
0,224205156;0,853873503;0,49155547
0,393141703;0,366110925;0,643277514
0,239872661;0,218554147;0,935078849
0,945474015;0,7664015;0,642046747
0,252414921;0,88962021;0,281997249
0,223332302;0,517975638;0,476886353
0,200741002;0,082044334;0,55569557
0,021938431;0,008289335;0,959298574
0,083117268;0,843486683;0,198234676
0,060169155;0,202826241;0,58245875
0,010028311;0,187327221;0,416217603
0,771014598;0,081723305;0,488621253
0,973570134;0,468401489;0,233731414
0,885242435;0,620015649;0,182126528
0,6813142;0,916357738;0,701317338
0,382082308;0,696865082;0,178704548
0,763147373;0,88348245;0,669659083
0,314519845;0,483577686;0,13140013
0,145370649;0,798786327;0,351726811
0,717317222;0,546495905;0,290361239
0,450592878;0,06257214;0,010943271
0,454240776;0,289011914;0,491487269
0,780560137;0,525165699;0,871828573
0,893908697;0,094841708;0,090587089
0,31470531;0,959641244;0,792618839
0,120074668;0,186065466;0,678009321
0,715126908;0,772762871;0,352078401
0,930527153;0,352801839;0,093095522
0,778828476;0,92411727;0,412607477
0,498621721;0,632963146;0,077153821
0,059880615;0,201365895;0,923226775
0,84222981;0,343178437;0,282649669
0,873724634;0,97805096;0,495571427
0,946934685;0,122599605;0,440825954
0,70289298;0,80113598;0,588335272
0,454811331;0,242582186;0,284516255
0,497452673;0,68960428;0,137564551
0,889949313;0,244425181;0,938924441
0,182655608;0,655584415;0,642628022
0,094247446;0,540639019;0,223424535
0,510681382;0,704621659;0,852116142
0,450774637;0,503884051;0,856578103
0,049110352;0,183935134;0,832533883
0,962304325;0,647117811;0,79544505
0,243106223;0,87018447;0,578575309
0,644958767;0,641095967;0,427524014
0,742875376;0,373445447;0,008529211
0,306834056;0,475164806;0,841598059
0,275910364;0,01400459;0,600490871
0,370637309;0,18862896;0,962110585
0,180937868;0,489774197;0,840826079
0,444073666;0,853556817;0,45916296
0,71008193;0,751298205;0,607057347
0,96200532;0,612233211;0,923044794
0,647864556;0,401633571;0,437524158
0,302849245;0,73734352;0,756908443
0,910152713;0,523393395;0,435878144
0,586521226;0,448356809;0,250039091
0,751874726;0,518693833;0,519638116
0,871554679;0,062742974;0,584919384
0,179219904;0,263512165;0,376740551
0,041444053;0,635373471;0,718821555
0,28852475;0,545849786;0,121346041
0,296567136;0,991982181;0,281314042
0,324259837;0,821622677;0,005999845
0,385680544;0,451538165;0,068585375
0,971872178;0,290399391;0,918355965
0,581042303;0,004592945;0,531140966
0,596054067;0,523315507;0,400366338
0,784205447;0,446486193;0,355030819
0,247247627;0,790877878;0,318292905
0,356567148;0,858347008;0,683374365
0,789216625;0,680208449;0,429990209
0,814640712;0,256848734;0,114085861
0,331756579;0,727435045;0,405374304
0,193446903;0,607371283;0,321542784
0,923745796;0,106613151;0,318812545
0,012174563;0,970464697;0,91997775
0,850040389;0,604406909;0,433849642
0,473695105;0,292716926;0,608870854
0,10754946;0,479096933;0,322425373
0,527290284;0,108465931;0,833549205
0,591204101;0,346895089;0,455224556
0,703738909;0,836529934;0,248328257
0,060651478;0,509034422;0,919504384
0,950672107;0,323522715;0,461310006
0,169406342;0,776385642;0,501749786
0,060781416;0,046660617;0,051202566
0,989904201;0,578303732;0,615541054
0,812031157;0,100177446;0,922360858
0,967922354;0,440585831;0,397617004
0,612214853;0,52501936;0,375666368
0,399861567;0,134691259;0,583663804
0,831502636;0,121610196;0,388058789
0,755275153;0,74482469;0,096207484
0,467381319;0,219819472;0,212153802
0,901487972;0,544887772;0,914421426
0,044650461;0,996464847;0,588134621
0,76248366;0,691862092;0,61015996
0,226458003;0,965823037;0,390944384
0,974524016;0,977919704;0,735832481
0,575709695;0,191547393;0,26946972
0,650655051;0,415949575;0,565095058
0,664573854;0,153055528;0,875888373
0,06036542;0,638106265;0,976134327
0,694300487;0,029316769;0,39554388
0,432281486;0,590711174;0,131599957
0,555309045;0,980751981;0,150360019
0,75752093;0,110121021;0,140170121
0,088911805;0,210275807;0,523834945
0,166281176;0,184519113;0,61702102
0,037446876;0,192134105;0,832589106
0,476774219;0,749402809;0,947827376
0,501242418;0,884444206;0,303867838
0,135371638;0,310030985;0,861863411
0,433983017;0,468996975;0,670285347
0,9303892;0,678497188;0,734853361
0,385419838;0,890865045;0,618273728
0,648285473;0,457924753;0,000253129
0,133520243;0,755367909;0,152865054
0,618964923;0,954656382;0,397468044
0,020999061;0,670714336;0,603865841
0,287543918;0,761559199;0,781906981
0,784023492;0,31885039;0,910655226
0,103147858;0,898276894;0,479209957
0,89782461;0,854015833;0,510328058
0,318761678;0,031371856;0,398435892
0,103131515;0,542102496;0,062476514
0,208099872;0,599826128;0,79390583
0,490630128;0,071114178;0,37864714
0,628417807;0,708473791;0,401296191
0,448319634;0,106555842;0,743147127
0,349455191;0,930730118;0,736594333
0,37170892;0,744314034;0,950703944
0,246341767;0,215404421;0,813462427
0,018007847;0,906379373;0,150132825
0,59551998;0,041055832;0,037388802
0,196061479;0,181365885;0,614395709
0,679027396;0,247171617;0,74724435
0,438631444;0,372762798;0,425422345
0,929918959;0,102136156;0,683353157
0,290463121;0,302159289;0,168682455
0,845152485;0,964520165;0,546466734
0,5119483;0,82978297;0,505668834
0,942745703;0,121936337;0,551335472
0,366552368;0,834910213;0,708912789
0,667548652;0,762203652;0,016185754
0,378604928;0,063784779;0,125555196
0,998720103;0,247579766;0,421545496
0,601169962;0,837177747;0,627758299
0,40719577;0,086094707;0,253550364
0,755236533;0,084041251;0,749244606
0,234717925;0,451920136;0,677307269
0,006506154;0,096416583;0,649606999
0,089685646;0,745182097;0,833561799
0,857833921;0,775222627;0,338587173
0,907691169;0,558675458;0,924720778
0,420605106;0,667682606;0,930478801
0,218767921;0,587404446;0,676252019
0,936674242;0,982673546;0,337059449
0,601368914;0,727485332;0,667931203
0,875856779;0,838214499;0,525123342
0,223889912;0,88512564;0,436680771
0,956547227;0,246360348;0,74053334
0,863145357;0,792778112;0,934835782
0,421697422;0,960726808;0,437030468
0,058814325;0,714129592;0,390073033
0,465530428;0,077919309;0,692244619
0,232550234;0,009023873;0,397928516
0,522209916;0,841936308;0,496428846
0,656586266;0,671100896;0,143259929
0,144361818;0,277119399;0,729673008
0,619267939;0,322128158;0,704746558
0,088532728;0,770423063;0,401699504
0,981321233;0,287959758;0,354803123
0,603180919;0,356070639;0,030186689
0,973725551;0,14565284;0,415460664
0,457429701;0,152694936;0,081001185
0,741813352;0,608299506;0,793898157
0,457291149;0,005771557;0,649058134
0,890885819;0,831008207;0,101183888
0,60409761;0,855984588;0,14355051
0,663630614;0,611242951;0,58048133
0,200197452;0,346516868;0,852542364
0,0908353;0,505108008;0,893314691
0,274019189;0,893334383;0,846873084
0,481371227;0,10809967;0,63718866
0,296712289;0,685022572;0,113033684
0,499363702;0,778852853;0,835278114
0,306411447;0,545339142;0,549144522
0,725811098;0,634832918;0,71904762
0,388527888;0,976429188;0,47146941
0,891107272;0,95734698;0,987156234
0,100394174;0,188321387;0,718312741
0,033627747;0,489649091;0,67808427
0,949802652;0,121178425;0,063441894
0,457111756;0,392187755;0,820108965
0,534615104;0,468016783;0,856327876
0,236214569;0,329027937;0,269459893
0,92959254;0,265031622;0,483151172
0,046772957;0,705808396;0,993962318
0,680049401;0,696688366;0,046579078
0,735520639;0,655015237;0,744423176
0,456146855;0,806552669;0,409576768
0,331296437;0,237630075;0,137505649
0,421931945;0,842915328;0,775591729
0,222516573;0,500605361;0,606205654
0,742281047;0,578444406;0,697326403
0,290781657;0,435353542;0,749462072
0,879108831;0,945692392;0,958083712
0,687789004;0,194720511;0,682397675
0,010217244;0,167781042;0,073918001
0,8327161;0,542077281;0,818044434
0,64981525;0,985839347;0,749083131
0,209645228;0,606549329;0,983316818
0,081452466;0,092813893;0,156199723
0,583241917;0,229495177;0,109814542
0,457042803;0,304347092;0,682707886
0,213445228;0,872005146;0,039959759
0,664430799;0,90795315;0,239372418
0,010044943;0,106526798;0,901662531
0,56802915;0,444839287;0,727641645
0,358123915;0,985912048;0,969224802
0,491871737;0,550061888;0,668677812
0,18595303;0,305794419;0,823571852
0,403246398;0,141482943;0,715299261
0,066612151;0,69252978;0,187343891
0,869005583;0,508697677;0,287750086
0,463612065;0,330079886;0,768445417
0,66579836;0,445976634;0,935191736
0,885393972;0,487712446;0,150113791
0,319571799;0,627049155;0,324350871
0,613172197;0,631165092;0,253779421
0,342928054;0,594545785;0,18831786
0,480296022;0,87493075;0,088345364
0,043900706;0,810182183;0,442704833
0,054922856;0,632511947;0,840033631
0,281176627;0,533185828;0,519145263
0,809486826;0,071837994;0,451091196
0,909614099;0,564821246;0,966393365
0,979810043;0,755081753;0,682861806
0,170796528;0,673281984;0,757561792
0,100949561;0,892816302;0,554083372
0,164503037;0,029841432;0,057186774
0,588097835;0,780028925;0,664046431
0,096811616;0,678441504;0,288536745
0,316559942;0,61328739;0,634120911
0,158788751;0,624680629;0,713861911
0,837093187;0,588965495;0,53656791
0,794622111;0,220073028;0,356205982
0,37085045;0,614581856;0,515335078
0,287037113;0,926125654;0,645004522
0,082047221;0,503568464;0,949666578
0,97520571;0,61680538;0,518442523
0,042853618;0,179083028;0,551353726
0,59014031;0,874563176;0,45538257
0,114786158;0,820796852;0,988289936
0,736961151;0,59929904;0,046384088
0,87148729;0,410441955;0,93739442
0,836311828;0,489936916;0,80957092
0,705988914;0,049276774;0,309640531
0,084997335;0,739110144;0,033922643
0,337309142;0,389547897;0,201144836
0,663108337;0,728787755;0,188031289
0,893060662;0,850757958;0,73057605
0,787608805;0,379441013;0,633637341
0,762507472;0,999443814;0,836824063
0,309507096;0,412467131;0,534474949
0,590628005;0,860175574;0,259585795
0,913496488;0,803850119;0,086287615
0,783409178;0,532508387;0,172471224
0,59399899;0,217988845;0,82922513
0,515066376;0,708272152;0,757113596
0,326090057;0,625188596;0,972611993
0,953148956;0,024608936;0,204148488
0,197747309;0,763894198;0,517207017
0,237286141;0,984150118;0,631943555
0,346032935;0,383368333;0,492992527
0,812525036;0,0330698;0,694344882
0,174118879;0,205222458;0,304643197
0,174746786;0,57736269;0,291276341
0,728326361;0,831403801;0,553441304
0,94044377;0,673943194;0,441628119
0,715871432;0,492664356;0,249818267
0,679672273;0,21791493;0,124429653
0,12244915;0,649135199;0,219341013
0,645973201;0,599490341;0,878705364
0,209816493;0,986477514;0,17032199
0,316379909;0,38776517;0,779749901
0,352711886;0,87656563;0,806155167
0,342238825;0,393933298;0,049230422
0,189245656;0,564322694;0,007614645
0,097899006;0,952831746;0,519441708
0,392693707;0,104149947;0,198492042
0,210279056;0,156227281;0,629476331
0,863112083;0,312984842;0,014903141
0,821540973;0,315825145;0,200990731
0,650734477;0,492136006;0,584337258
0,164520429;0,648825101;0,705357353
0,637553513;0,697449852;0,234082361
0,442279385;0,301100953;0,25213243
0,826145711;0,798197404;0,092298033
0,793034138;0,238494673;0,998751873
0,023856981;0,745858514;0,306129319
0,022994339;0,497480871;0,826143844
0,175369326;0,43758216;0,26415647
0,090077657;0,16068103;0,15392137
0,25595578;0,103418823;0,810438868
0,343848257;0,41595567;0,161899843
0,580691935;0,581062967;0,970421279
0,357912486;0,789806097;0,427415581
0,2550889;0,881509255;0,940219428
0,265025034;0,644037248;0,108232873
0,79261872;0,061728599;0,464299814
0,358636012;0,349893465;0,072494553
0,852072483;0,957986779;0,512393366
0,805852133;0,675652272;0,526813456
0,052103947;0,603975591;0,418071211
0,413816531;0,489176983;0,417167534
0,998627406;0,508294707;0,358510555
0,858806358;0,521565923;0,072345149
0,328210159;0,603924795;0,40284512
0,633483542;0,552534666;0,551481365
0,032032642;0,582251017;0,565918303
0,061950188;0,670371613;0,744171944
0,025705885;0,684353795;0,394774542
0,254929479;0,012260385;0,151563818
0,191841785;0,233846336;0,186182611
0,780696591;0,829330039;0,427393967
0,953309322;0,82828681;0,166891374
0,131073733;0,377512444;0,019854641
0,891627488;0,353113694;0,395934987
0,507342026;0,084559637;0,880063402
0,992827403;0,20628623;0,554237436
0,751941864;0,549816842;0,648019821
0,436422168;0,26865218;0,30853895
0,020998925;0,473488471;0,617755577
0,658798667;0,23143006;0,306734365
0,862123047;0,073895796;0,591165797
0,153936612;0,01477222;0,583417039
0,688719381;0,753738872;0,978285177
0,612279546;0,781987285;0,982018831
0,380852545;0,949865345;0,55121432
0,616837321;0,614861477;0,270102186
0,413320319;0,133379593;0,055867466
0,008460685;0,081451416;0,021089417
0,817492877;0,968244779;0,417544523
0,768069077;0,398478067;0,960498233
0,6610681;0,234556626;0,761120269
0,34072912;0,524751607;0,692965733
0,715946524;0,059821626;0,124140378
0,381646334;0,485837135;0,772993837
0,441761299;0,348377015;0,600424187
0,406633029;0,070077003;0,456810992
0,917363877;0,886622396;0,047181837
0,820365998;0,411410626;0,709851594
0,209275116;0,160453043;0,33822215
0,715129113;0,233116323;0,550170482
0,011735199;0,399007299;0,04080409
0,028353652;0,618029542;0,212208855
0,021784481;0,729143303;0,794482792
0,395508972;0,066717939;0,296185946
0,212835852;0,013868603;0,952480536
0,454822394;0,232649343;0,64415442
0,909107515;0,962920575;0,404636086
0,407577628;0,434954599;0,913307436
0,502906352;0,513685837;0,732594293
0,461954146;0,407224024;0,726098446
0,496922653;0,068375529;0,123100851
0,286422759;0,485945386;0,834281132
0,261788501;0,915248363;0,437608636
0,417241152;0,360045626;0,722875944
0,100325288;0,994991101;0,514994558
0,457922963;0,417844913;0,530408106
0,462392496;0,074423164;0,99320264
0,761771537;0,929099806;0,256866194
0,338495579;0,166162528;0,625193649
0,334679222;0,482730695;0,398234864
0,178282311;0,438559875;0,659959594
0,138540975;0,093834261;0,98597585
0,134143355;0,846664045;0,34554031
0,128479989;0,043502207;0,676977259
0,574428617;0,820133988;0,89330687
0,626791612;0,698869572;0,240218021
0,945635773;0,650259762;0,978009243
0,729847951;0,109873908;0,512738709
0,388978271;0,631144793;0,738816977
0,767318174;0,753296202;0,936700336
0,922522197;0,025563723;0,684448078
0,784201121;0,123309855;0,403889717
0,247453649;0,160729181;0,040303305
0,95417563;0,016038765;0,059073703
0,338560963;0,63606964;0,21645315
0,506519306;0,007808564;0,16377958
0,468426845;0,789894362;0,559427482
0,570272468;0,956633731;0,110927607
0,242334015;0,029611834;0,986717738
0,006824367;0,745603076;0,082729098
0,424735437;0,153265839;0,809998948
0,790656526;0,365292784;0,820757194
0,658231708;0,264561023;0,530285549
0,673483659;0,592105163;0,596966482
0,862353269;0,534235858;0,173917036
0,557269847;0,911281468;0,480156538
0,353441323;0,782269251;0,733854222
0,572957646;0,765145879;0,82107543
0,052527131;0,518514448;0,065022759
0,695562568;0,525421929;0,072698836
0,973564327;0,12957163;0,007354219
0,833015964;0,503431863;0,53926969
0,682480648;0,337362315;0,208758399
0,828145619;0,916246924;0,43060307
0,414004821;0,439900138;0,322229456
0,195462494;0,980054162;0,030139119
0,686047772;0,072738;0,285653441
0,580709973;0,772112624;0,737337207
0,612110924;0,901193828;0,876795201
0,145044716;0,955033031;0,433094421
0,090815464;0,563590027;0,763961086
0,405401233;0,97659472;0,579656254
0,224707638;0,443994694;0,035925871
0,354468619;0,723256104;0,480017335
0,53304872;0,385919679;0,341902673
0,326266092;0,661569956;0,592479155
0,404431472;0,91267189;0,427952588
0,003022878;0,136428421;0,167456531
0,647915141;0,994110035;0,682940249
0,909036956;0,974277021;0,08197606
0,956275802;0,606760922;0,435045986
0,967008843;0,613516967;0,88030236
0,76158976;0,359818891;0,514901802
0,489233374;0,849269573;0,430421976
0,578100035;0,845281932;0,64802174
0,598418123;0,061154206;0,578483339
0,158236168;0,996704369;0,239217234
0,397842636;0,53943188;0,509284124
0,02687501;0,212526579;0,183657646
0,505240743;0,699059331;0,537425418
0,915768296;0,211179422;0,654300056
0,860915727;0,49792555;0,361245233
0,174601138;0,735037723;0,920044053
0,242406104;0,267964341;0,062832094
0,925042404;0,081698426;0,343921385
0,904682558;0,686244415;0,607949069
0,301134295;0,820238865;0,413947852
0,613531255;0,360297969;0,969474658
0,808370219;0,317681396;0,857195985
0,240960121;0,612036921;0,330875746
0,161847716;0,428407542;0,311245986
0,782465748;0,588761241;0,412999012
0,268599473;0,469407323;0,92955316
0,682740398;0,238192858;0,536690381
0,356316214;0,2803735;0,863218321
0,142252738;0,889502758;0,930696156
0,387148091;0,413018719;0,213802725
0,294494249;0,857329453;0,561730568
0,679250907;0,880531793;0,953264745
0,496213577;0,380455281;0,680173965
0,659370187;0,047829666;0,534092188
0,030124683;0,780148557;0,526719114
0,476596455;0,869562491;0,520266933
0,855982173;0,207677817;0,677306113
0,828119079;0,456746954;0,571427694
0,434883782;0,699207148;0,333920091
0,791075186;0,116121781;0,47731465
0,309721572;0,982466194;0,479414564
0,743232948;0,731838445;0,370181142
0,656524449;0,065511248;0,518765615
0,293317975;0,654328458;0,4386913
0,996319197;0,583262734;0,133291549
0,154896525;0,942350753;0,94215062
0,361918629;0,131945942;0,659530621
0,741147342;0,450780658;0,983398621
0,962058661;0,884698137;0,331956793
0,483972793;0,530641792;0,080683858
0,756846613;0,410651245;0,033155323
0,627812053;0,263955855;0,369913325
0,469779744;0,011301531;0,870451022
0,808507813;0,015978338;0,909486026
0,558806623;0,565435809;0,18927434
0,543968094;0,917038905;0,114318903
0,397384336;0,241114431;0,633522013
0,410551697;0,683014628;0,3398592
0,667436396;0,011881836;0,367526653
0,916401601;0,441377903;0,443233
0,575536391;0,184555138;0,449323317
0,440262906;0,453562426;0,131998728
0,844511574;0,948788302;0,83610032
0,595183025;0,092080109;0,019611444
0,033642402;0,814560544;0,254086777
0,899920765;0,46504031;0,925593966
0,180849928;0,02737239;0,143736336
0,00583497;0,351437924;0,426161888
0,822137414;0,135080641;0,138649904
0,780261187;0,226908688;0,908271918
0,573171353;0,093841265;0,027696743
0,940906252;0,503724649;0,225859592
0,226910721;0,92814605;0,796740984
0,932134238;0,026374137;0,016745536
0,093802897;0,582578477;0,773405866
0,416176224;0,080269785;0,163993191
0,386027388;0,105140334;0,950424164
0,953214245;0,895821074;0,219440463
0,459619635;0,458145111;0,573742201
0,791793181;0,007665462;0,639184449
0,146074212;0,233732419;0,276328082
0,80952962;0,904700004;0,792357207
0,43316727;0,335630718;0,466931975
0,812109666;0,826587609;0,384185458
0,258210903;0,82063343;0,77357862
0,789278596;0,257461092;0,036687575
0,599605082;0,210286452;0,015410581
0,421237837;0,660404261;0,153211856
0,251123618;0,071604043;0,909693252
0,647358886;0,749946657;0,004958382
0,394206055;0,327978419;0,378596622
0,058060643;0,081860903;0,557975528
0,189813298;0,381279421;0,199096091
0,463586308;0,030366523;0,049259239
0,61764352;0,627613543;0,462566176
0,390655822;0,745352249;0,384867832
0,342884015;0,422062055;0,031329684
0,999663715;0,196972193;0,297091944
0,443925508;0,663051695;0,722370625
0,573399447;0,814783991;0,198044924
0,734700517;0,587866614;0,831727144
0,086771548;0,256679856;0,982416484
0,136093795;0,647046794;0,170715229
0,047297822;0,030809211;0,142916026
0,105951725;0,775726341;0,232384444
0,423888472;0,170006205;0,590341297
0,534397424;0,485125911;0,372953907
0,897536353;0,057633631;0,89026246
0,048143598;0,400543832;0,786732332
0,697882476;0,22479537;0,497634188
0,225496479;0,873837826;0,400837254
0,673797032;0,899555554;0,028942221
0,193514273;0,082637029;0,730128185
0,338751563;0,888197616;0,630818361
0,754393188;0,70442776;0,835215927
0,137223188;0,475331871;0,852302406
0,635458125;0,486522189;0,849080234
0,036486803;0,785668985;0,116342714
0,180736279;0,587246423;0,873523342
0,321069081;0,863788789;0,874257569
0,147000316;0,959693372;0,991339603
0,41867635;0,625937047;0,779793528
0,947398705;0,164966726;0,472804342
0,000540934;0,402029372;0,649907317
0,249597487;0,062216799;0,472944918
0,939814808;0,57772839;0,432980808
0,41468872;0,390325354;0,073772621
0,062647634;0,013522162;0,3664288
0,34679338;0,195553462;0,285621838
0,223903849;0,549219336;0,708894391
0,51173035;0,193472009;0,846825825
0,944007561;0,083604993;0,241597658
0,672379488;0,350350595;0,845631457
0,616479263;0,17012931;0,128151355
0,04023069;0,450210549;0,137414612
0,005096953;0,946362861;0,025088268
0,377718124;0,174273974;0,892122415
0,131181655;0,52205299;0,993826001
0,207708809;0,804870097;0,541198009
0,578107755;0,906472551;0,222080829
0,022369406;0,166642276;0,256224825
0,547085374;0,792794849;0,954822047
0,546372132;0,588121722;0,638446766
0,517663312;0,504419446;0,461159719
0,937061048;0,699607922;0,368555445
0,900234213;0,900975915;0,681672365
0,50479539;0,857831953;0,545808423
0,643160479;0,249573668;0,559108087
0,479674632;0,693426681;0,073622838
0,469109127;0,369356911;0,976556076
0,008902017;0,777517798;0,741812738
0,830971321;0,596843258;0,359327022
0,490649812;0,961935578;0,127854822
0,119457928;0,703356715;0,19967149
0,444908235;0,907632901;0,58283255
0,950504709;0,520152586;0,971713479
0,997042269;0,353572087;0,682962589
0,861178226;0,859403199;0,700345232
0,05618687;0,325064091;0,036471631
0,592891425;0,687420117;0,228634789
0,534885385;0,715826705;0,111618494
0,324817013;0,171267805;0,909144281
0,812213878;0,43535992;0,761808888
0,567980175;0,716555964;0,139301584
0,754946231;0,871418447;0,371383117
0,181348726;0,30053479;0,422410058
0,63862691;0,07947281;0,517099782
0,52590505;0,513819728;0,444385484
0,710670609;0,803209337;0,056647231
0,627619169;0,59228468;0,554430728
0,416738611;0,138093575;0,652330286
0,146755869;0,456107525;0,826463257
0,173244668;0,675980123;0,456420105
0,178485472;0,272414493;0,459465304
0,804670453;0,767405366;0,744420642
0,630083884;0,982832585;0,681132837
0,067486889;0,866116454;0,672847712
0,051390655;0,683634335;0,998706418
0,843527447;0,210747698;0,237399283
0,751772916;0,214956556;0,583730441
0,665130989;0,804681869;0,549555992
0,787121652;0,139205964;0,52226222
0,146978618;0,21246795;0,436222862
0,358889539;0,22678255;0,026292462
0,086341986;0,035197517;0,991035773
0,314774793;0,754552461;0,137086301
0,802644027;0,425394787;0,760184084
0,660113401;0,780563436;0,52705404
0,242519842;0,324318554;0,735784238
0,921002642;0,475994097;0,116142159
0,350605741;0,589012978;0,485829479
0,651578939;0,863863798;0,784334797
0,313198131;0,031261251;0,652915962
0,355504309;0,997765204;0,576776131
0,165957025;0,925036665;0,932901609
0,213449829;0,613606266;0,888917155
0,700006807;0,979861951;0,724589617
0,14515524;0,617299781;0,563607011
0,109319051;0,952277955;0,087273687
0,20371793;0,046442075;0,34817243
0,318866158;0,764441575;0,741799671
0,164760665;0,150792074;0,458338206
0,486192892;0,282016807;0,799439172
0,12132622;0,24855017;0,867107343
0,228998925;0,480312716;0,699182101
0,426035427;0,976048572;0,018830477
0,610559143;0,638130817;0,771070429
0,841631414;0,717001312;0,604696272
0,488003458;0,291141645;0,039351397
0,35511588;0,524245546;0,272080535
0,810656887;0,502514989;0,257711198
0,75145594;0,851075404;0,164061366
0,831628364;0,288747465;0,841763752
0,201700776;0,607370622;0,719612208
0,885932278;0,968101652;0,076927646
0,28573438;0,656566559;0,498720728
0,28599634;0,592953423;0,413508929
0,824328068;0,292086081;0,285175766
0,671571259;0,615277828;0,264398845
0,098521788;0,745082566;0,075519272
0,17669859;0,562696559;0,225714616
0,738400099;0,066665385;0,954542889
0,834246351;0,944925805;0,671972662
0,558027024;0,469104178;0,89234341
0,549898551;0,316943877;0,206994613
0,449707991;0,835436681;0,796817255
0,485670494;0,848510547;0,369522938
0,298196596;0,87383846;0,909065041
0,976144026;0,890574516;0,437456548
0,465912628;0,862710249;0,615415521
0,751272847;0,733472676;0,444999291
0,333202121;0,207697427;0,684629851
0,389470834;0,227781669;0,541338298
0,221443678;0,946426818;0,199947135
0,478710421;0,878714379;0,933589373
0,619722928;0,447188857;0,086072079
0,949841827;0,199290321;0,27596812
0,779984154;0,207873269;0,778044411
0,735916921;0,507244301;0,563664894
0,505028473;0,856406167;0,876263089
0,871714129;0,645071882;0,548200484
0,921546285;0,514983585;0,679535059
0,067191614;0,965972747;0,91846504
0,606442999;0,999341994;0,979146448
0,513920498;0,676566144;0,791763379
0,948718673;0,159237779;0,180270633
0,586962157;0,797194312;0,435239489
0,804126985;0,189844689;0,361856594
0,745649828;0,13031153;0,937485436
0,327234682;0,235450594;0,728970763
0,870140572;0,866669786;0,133462653
0,582655847;0,854754905;0,439208266
0,510624006;0,636603935;0,841242392
0,923185283;0,126340253;0,945506413
0,596698474;0,498599443;0,154112573
0,334900912;0,081697299;0,421491032
0,248112482;0,05894812;0,432457141
0,207303444;0,696067103;0,578932718
0,144500457;0,680491646;0,826519489
0,144102956;0,485697107;0,307025551
0,12932914;0,052387702;0,539283203
0,080213668;0,193794696;0,28325116
0,629903226;0,050974131;0,175388227
0,742258589;0,320850695;0,119332671
0,794225647;0,162831135;0,960172858
0,763153539;0,515659802;0,755793475
0,405022995;0,59458509;0,850242333
0,833788888;0,969515659;0,700574209
0,671920607;0,85190695;0,433274278
0,805200946;0,274036827;0,007265932
0,842028839;0,197074573;0,854796002
0,502550421;0,12952713;0,744238366
0,177912773;0,495615702;0,251293734
0,44246657;0,10601639;0,727862093
0,334194444;0,65874219;0,701411295
0,69680219;0,794659099;0,234900968
0,414261119;0,594468957;0,344015424
0,914162019;0,013968551;0,321098562
0,922797912;0,110239328;0,640186677
0,641124531;0,905397034;0,792440012
0,699358596;0,575265332;0,568134177
0,203450514;0,139190244;0,071945209
0,880959414;0,454090668;0,308061645
0,343562356;0,859937265;0,991344542
0,558479654;0,305072994;0,044387829
0,783064668;0,305693818;0,7510611
0,775443246;0,767310142;0,773026858
0,665997478;0,62049736;0,469687562
0,557735;0,043092066;0,586873644
0,719462253;0,846642917;0,635431204
0,131269996;0,983198478;0,327218193
0,29435913;0,952804948;0,385148588
0,291076062;0,048489656;0,437321768
0,066212694;0,484864929;0,423110981
0,444834621;0,266737956;0,79248343
0,123136593;0,294719154;0,00771614
0,752920306;0,582221427;0,449306137
0,243725067;0,628191051;0,95778826
0,082487797;0,346970747;0,043329102
0,475835055;0,568590261;0,565752541
0,716714277;0,042789658;0,074217403
0,741490074;0,162402624;0,946192163
0,299296344;0,185932246;0,846046688
0,466591904;0,008580008;0,842080895
0,823623607;0,489321373;0,832593946
0,662541047;0,277149286;0,485488056
0,157804555;0,342668578;0,571704023
0,632413907;0,402319552;0,20673219
0,042198917;0,141270223;0,615237813
0,438549927;0,354937933;0,959263777
0,93237573;0,080007711;0,8365723
0,597119895;0,769681038;0,465252209
0,830432758;0,239311844;0,793658497
0,843277485;0,071216938;0,190676096
0,179791268;0,968707452;0,700583709
0,885730265;0,308122613;0,437096365
0,056269787;0,938224877;0,814138141
0,734141007;0,921090816;0,576903412
0,560673794;0,325390904;0,451768661
0,710725799;0,042147943;0,283994926
0,441465278;0,061623044;0,437824096
0,080155744;0,519727021;0,15568052
0,181921775;0,836345251;0,240032545
0,395387771;0,74472993;0,09227598
0,14810528;0,28695466;0,979754925
0,792963815;0,43351025;0,772311056
0,960521744;0,891600386;0,321785456
0,317038068;0,289700206;0,575506216
0,43327749;0,200954808;0,020861204
0,374730669;0,629865593;0,498188624
0,252266409;0,998180711;0,473741106
0,724760346;0,621677538;0,453741234
0,921810769;0,684556199;0,413320296
0,4624064;0,162120304;0,952137232
0,594510362;0,45352967;0,501326118
0,920184807;0,460942247;0,914609121
0,931864948;0,107789367;0,782907257
0,927557958;0,520126804;0,999197078
0,273990559;0,167810859;0,246442446
0,632283515;0,280187454;0,939083853
0,553178335;0,979620725;0,743400587
0,003324701;0,896756121;0,19464714
0,783112371;0,453917856;0,080526847
0,634384193;0,797989226;0,94218441
0,848127462;0,373914522;0,954327448
0,836127102;0,112537516;0,301608128
0,149522915;0,623227788;0,432166186
0,527920701;0,546527285;0,674940021
0,851028891;0,142847068;0,644718558
0,1124176;0,43230536;0,678503009
0,258492113;0,902451973;0,133669976
0,913235352;0,745089369;0,213316324
0,380017832;0,405070925;0,926768568
0,075358147;0,03516477;0,958176985
0,950069994;0,47384307;0,265022559
0,134296388;0,550474292;0,494524827
0,237651523;0,635642454;0,321260039
0,15875312;0,000437239;0,41405787
0,381033459;0,496879274;0,871250786
0,614572304;0,962144965;0,738399692
0,436168301;0,002791074;0,387584936
0,748932456;0,660238796;0,651079792
0,104535083;0,284510603;0,565444876
0,271007044;0,80754655;0,996891329
0,63252085;0,90488761;0,26609483
0,505097949;0,230772564;0,091684172
0,541344817;0,314945602;0,277975648
0,677225349;0,459832895;0,670445654
0,660468887;0,628472542;0,758340287
0,742815387;0,794357089;0,455555104
0,767668189;0,307625549;0,585226745
0,933973796;0,36302112;0,89283696
0,529187192;0,24242035;0,468770585
0,58044787;0,843752839;0,002088834
0,704061058;0,487542931;0,028523949
0,280593124;0,344676481;0,73284985
0,172074645;0,245378578;0,520284141
0,689867967;0,531429126;0,256195378
0,313940316;0,631827204;0,193739027
0,108147842;0,469592888;0,955081594
0,426971693;0,439207068;0,271164748
0,059055604;0,520688622;0,535323827
0,375128977;0,226456619;0,184522525
0,223266755;0,554522866;0,506116308
0,727995217;0,055047912;0,149240952
0,624457592;0,469482969;0,780315643
0,531572303;0,014090024;0,042845769
0,358223745;0,555394909;0,788868789
0,129199265;0,877591648;0,646083506
0,85291543;0,201999886;0,187246141
0,009840215;0,510449437;0,948432098
0,531321686;0,35560127;0,426142737
0,103039795;0,725700779;0,88824002
0,472615677;0,554278754;0,503238934
0,197940757;0,321685375;0,819162929
0,485015949;0,959277351;0,099939378
0,464894574;0,667408716;0,227971403
0,714536709;0,42079443;0,093338005
0,009695355;0,105024334;0,70711123
0,773496157;0,587733622;0,666447172
0,541444303;0,012002613;0,344596004
0,210056841;0,871796289;0,655354692
0,163150768;0,25132286;0,321109162
0,407321072;0,213112645;0,969991333
0,081914524;0,238206789;0,167028204
0,589307115;0,497469964;0,286735561
0,466162412;0,017064354;0,097876199
0,147345357;0,83230611;0,483985142
0,810882233;0,045319776;0,424085608
0,521171271;0,068612518;0,208326465
0,821955146;0,629969338;0,333263753
0,675157705;0,676765248;0,973261003
0,034093967;0,475680691;0,089168589
0,270102871;0,326358361;0,594129155
0,491640432;0,043612694;0,019570559
0,741018564;0,296440715;0,240115643
0,993533542;0,618547899;0,027996195
0,125215446;0,579611182;0,49222
0,384872393;0,071893765;0,924654195
0,553726116;0,373926281;0,352433404
0,417836165;0,492309996;0,907528779
0,921502865;0,062767175;0,311819447
0,093600499;0,534878437;0,757121222
0,734478588;0,194677241;0,637719124
0,146974299;0,146631853;0,581768001
0,079960358;0,902393292;0,959095879
0,330182369;0,56982412;0,314141026
0,168434926;0,563294891;0,301828003
0,778482983;0,924427163;0,796623323
0,179218241;0,118786579;0,899145173
0,458957691;0,486859063;0,67872505
0,818091155;0,433605261;0,904498474
0,640001239;0,352398299;0,075740179
0,806939273;0,463585743;0,778252685
0,009107412;0,464682504;0,56804399
0,027360097;0,470618036;0,820035266
0,161207879;0,326533885;0,63475176
0,247307902;0,161326698;0,036270885
0,386270168;0,615057982;0,993170882
0,65357491;0,66642524;0,201817655
0,791653357;0,863826233;0,713535134
0,668879227;0,722476466;0,045538518
0,513898803;0,574558853;0,951558584
0,097862108;0,21025465;0,622577718
0,526315145;0,931200729;0,737634638
0,97329041;0,623637128;0,228550549
0,585461208;0,525339486;0,391733026
0,933694474;0,717083138;0,037185388
0,700071063;0,495434925;0,20071834
0,82213574;0,056943965;0,428950009
0,765678479;0,333989368;0,420295126
0,744314379;0,680309165;0,001569377
0,312068804;0,163435064;0,896853025
0,792705835;0,451534865;0,786207165
0,455684721;0,038707197;0,39159616
0,542531381;0,378416278;0,42306079
0,685215913;0,428841844;0,980700252
0,949093836;0,838978127;0,882958992
0,303865636;0,322655137;0,072712614
0,468335071;0,312368126;0,953202914
0,781137367;0,649014713;0,022555986
0,723078626;0,532742812;0,208594084
0,157629114;0,279494353;0,231521803
0,516409393;0,92584901;0,090545775
0,868621319;0,443984393;0,310759614
0,134016601;0,046096588;0,681037067
0,831752138;0,39870704;0,201728874
0,128484546;0,784294887;0,273015698
0,956426376;0,822400727;0,817721394
0,882136851;0,360912284;0,497024892
0,713985801;0,276032182;0,837418285
0,23081528;0,87921266;0,792759846
0,171707873;0,569748601;0,533839252
0,899138089;0,488258411;0,497749132
0,426895894;0,373348567;0,153165619
0,893989524;0,300813127;0,038139298
0,26096051;0,777525033;0,395174185
0,726585834;0,709438927;0,923868004
0,07619058;0,683834491;0,139019225
0,079975071;0,637268695;0,233004609
0,664879913;0,455681774;0,937185868
0,804194721;0,6522137;0,282902025
0,455190358;0,996429376;0,287743411
0,992075336;0,745789591;0,699919057
0,79727127;0,217929107;0,151315065
0,714396406;0,945188743;0,797239345
0,178203356;0,861769235;0,308747541
0,142351832;0,067117215;0,981736489
0,393565135;0,544587961;0,662079594
0,069712813;0,641829297;0,704298533
0,606854483;0,26509485;0,652993161
0,539263597;0,561230928;0,705705626
0,960599268;0,45342813;0,567414918
0,506443347;0,780373133;0,024798889
0,042760401;0,004764266;0,663439854
0,097411836;0,257784448;0,733121034
0,59382052;0,019528116;0,557034293
0,632342708;0,069055264;0,986941313
0,18024965;0,152058623;0,591964588
0,256720943;0,146493363;0,027934464
0,269707065;0,876275227;0,721894113
0,431235895;0,780217943;0,419686784
0,881230595;0,931534418;0,840174012
0,546548187;0,485322173;0,325407743
0,383577277;0,442232873;0,54711284
0,693947455;0,210683204;0,501859213
0,524869852;0,908925886;0,752238992
0,240709392;0,764309018;0,53892991
0,315943345;0,651498476;0,639141341
0,732565976;0,02158633;0,825027239
0,396391458;0,341419311;0,634961337
0,062567254;0,652054451;0,865621959
0,587244571;0,392679188;0,668732324
0,222464347;0,643772719;0,394876923
0,710889501;0,304698737;0,845314193
0,474953479;0,11474784;0,470955544
0,857397021;0,177540589;0,125957319
0,693440381;0,729188573;0,546672097
0,063907587;0,30147797;0,512642835
0,777266383;0,87348556;0,043178673
0,742547594;0,89892793;0,618087258
0,016157583;0,03363986;0,024403248
0,01092915;0,083251489;0,391519265
0,600680572;0,814610562;0,028328101
0,776623202;0,320430367;0,013534792
0,503321861;0,804260382;0,305002377
0,942141764;0,058688193;0,071643555
0,636658375;0,790017952;0,767446658
0,715462687;0,892193857;0,419610765
0,199872406;0,482926376;0,640218363
0,248534726;0,308651888;0,853993417
0,871807506;0,273706613;0,118594544
0,786789037;0,598392819;0,571272042
0,407676138;0,789576452;0,934540986
0,344640425;0,675623841;0,88970972
0,373281254;0,950106801;0,626083356
0,507122027;0,944046053;0,636471172
0,701294519;0,488587648;0,404212943
0,066303977;0,881791467;0,754033873
0,351592835;0,269829993;0,933515834
0,407428282;0,114918569;0,80133977
0,511856888;0,689518839;0,248131248
0,271599659;0,333708972;0,444173124
0,739178441;0,652914749;0,847629515
0,463545432;0,689214571;0,664127475
0,501451499;0,820142749;0,604498945
0,270525345;0,679034347;0,297652387
0,681222724;0,121551996;0,041513831
0,636600032;0,499500416;0,529941054
0,356471872;0,297449209;0,603435581
0,076731507;0,844629485;0,636373842
0,993531063;0,988126948;0,884959502
0,532808908;0,913359065;0,563009525
0,219800941;0,852788589;0,836967142
0,451796048;0,584979772;0,78516605
0,580759503;0,259880317;0,229911837
0,785043002;0,604004873;0,017732713
0,31385103;0,130768194;0,133213057
0,250593898;0,05254518;0,757085632
0,784031671;0,84182662;0,076743402
0,52566564;0,758532291;0,693217757
0,114406863;0,375509471;0,00377827
0,461816252;0,592740407;0,017528916
0,908040327;0,709646655;0,619132484
0,329358421;0,156260012;0,610185058
0,80653656;0,547318423;0,332406941
0,430830361;0,268712201;0,572624072
0,722361247;0,41368003;0,697528998
0,747987514;0,546203776;0,135259001
0,978431256;0,381780511;0,817430986
0,270873014;0,142244785;0,999633437
0,198137552;0,862024185;0,968542411
0,565718906;0,917753291;0,027389674
0,687390712;0,013284915;0,512427042
0,163193825;0,508403198;0,973350905
0,422737447;0,515701539;0,228458666
0,356488773;0,300184275;0,932928232
0,604352891;0,456113531;0,725309587
0,022744725;0,897921261;0,218213646
0,039384602;0,587857639;0,917907593
0,031012655;0,208396344;0,282583731
0,798123367;0,88268434;0,748792688
0,743673472;0,650976308;0,150834203
0,853932675;0,599372128;0,299744867
0,74631051;0,70285541;0,260306041
0,627580209;0,57105581;0,26604153
0,079998509;0,566903543;0,445908952
0,947289088;0,629692491;0,776959012
0,515728163;0,042335634;0,668201687
0,04344411;0,946746644;0,341407894
0,737807605;0,469873025;0,989551232
0,403975035;0,015252425;0,889229596
0,046264548;0,721917102;0,018550456
0,146148369;0,531965259;0,221885392
0,061189724;0,494193275;0,345465156
0,698902654;0,928037008;0,545280076
0,802421456;0,511656242;0,812579971
0,905994243;0,933529177;0,840844732
0,6452031;0,567809506;0,110300291
0,23773026;0,489156777;0,990687916
0,498371039;0,213261678;0,990288494
0,046706057;0,416039347;0,297560041
0,048887283;0,658715818;0,887865219
0,542875954;0,753330584;0,055322454
0,999913295;0,213584338;0,834397771
0,163560217;0,804327248;0,502435427
0,732989607;0,663829904;0,872997787
0,502980548;0,499025482;0,829013969
0,15594601;0,514055533;0,022460942
0,17634688;0,377764844;0,429259758
0,106209634;0,853453134;0,970532739
0,418731352;0,565074792;0,502567854
0,906074097;0,291536474;0,011060517
0,365077671;0,837162161;0,28258685
0,639796526;0,075539619;0,380114938
0,99547858;0,44084499;0,801500276
0,70060491;0,271594696;0,774562915
0,490472993;0,132957074;0,409796105
0,64140758;0,64729647;0,310626109
0,655655822;0,774672751;0,289023859
0,530200591;0,195593935;0,623592246
0,160050246;0,615401389;0,916164688
0,401482116;0,809259956;0,94679512
0,186421737;0,827605317;0,523333082
0,264876029;0,713514889;0,150622143
0,782973145;0,898254081;0,745201975
0,742871088;0,265458422;0,266170917
0,95389277;0,157367663;0,877725847
0,626155015;0,47743786;0,833124745
0,125018468;0,159049836;0,892327349
0,897251321;0,087634874;0,509535155
0,837434331;0,981003684;0,0963322
0,285045829;0,656143096;0,231131239
0,106671883;0,342145627;0,138397369
0,17666252;0,756985125;0,430775165
0,70944704;0,733697797;0,000825538
0,087348711;0,041000682;0,491097724
0,814712597;0,320818044;0,971577667
0,325046474;0,440852836;0,237452877
0,286945825;0,53769224;0,28468643
0,226724997;0,50585204;0,095902044
0,374324072;0,279817574;0,304985119
0,465334984;0,775788771;0,811965521
0,155582289;0,243859401;0,026450996
0,593310284;0,812724482;0,390027384
0,646354339;0,550268559;0,94626379
0,847628394;0,896366087;0,886989217
0,04259703;0,959091767;0,883236152
0,008344742;0,963909766;0,999382314
0,194462689;0,078878456;0,612987772
0,835816109;0,961987006;0,596311806
0,881237189;0,983394313;0,532077253
0,308611503;0,93557658;0,115829064
0,769263451;0,047372198;0,330688918
0,434960279;0,942504508;0,927482263
0,150643892;0,444238547;0,965136847
0,50198136;0,938104739;0,34098134
0,926047227;0,187198002;0,162587138
0,894795796;0,610573196;0,738557348
0,000402068;0,609487793;0,018245255
0,741926694;0,621381724;0,398525898
0,911390367;0,293832273;0,958150465
0,563236046;0,556842868;0,940219102
0,862436578;0,962308466;0,707245654
0,872995553;0,411781844;0,828722216
0,495427925;0,314208736;0,208829194
0,620407129;0,473413077;0,123562144
0,508726279;0,315123881;0,029273751
0,316783804;0,558295684;0,418469659
0,873270768;0,277624717;0,395498434
0,665205765;0,459128839;0,863553099
0,439746282;0,812949559;0,967645131
0,154885916;0,699055685;0,213345654
0,823908581;0,764528177;0,135262115
0,98106215;0,183645453;0,082711363
0,179587799;0,352039466;0,603783874
0,106858671;0,166122309;0,521250125
0,877627085;0,320308922;0,47100557
0,650867818;0,896230319;0,563121601
0,311139271;0,85371162;0,086449474
0,154164074;0,959709713;0,974769363
0,278143387;0,557572138;0,007853463
0,181870635;0,979563063;0,572574709
0,845264265;0,686288991;0,326348556
0,845678988;0,327646825;0,78556151
0,583796029;0,706017453;0,377341772
0,741435359;0,0598431;0,42818107
0,115025843;0,49475771;0,322318328
0,764988105;0,923165955;0,256093773
0,010513923;0,042685056;0,85115613
0,798897736;0,900352002;0,940636095
0,7019671;0,226066759;0,199398073
0,093486305;0,632679709;0,97371709
0,163489078;0,049772469;0,761610066
0,370537114;0,708420758;0,844871603
0,406238705;0,251801829;0,418923089
0,284574376;0,494931954;0,354007801
0,995980803;0,867197121;0,885579503
0,776515033;0,298824685;0,703966408
0,004646914;0,098035926;0,383172897
0,972400893;0,507475728;0,401613083
0,546070477;0,228174894;0,761211478
0,452006288;0,675668402;0,369396249
0,402824019;0,815542364;0,974197292
0,575230976;0,287458164;0,100189342
0,521806027;0,325236111;0,000294758
0,751930974;0,943958655;0,27988275
0,301651637;0,103552962;0,326318001
0,46531998;0,044986959;0,294979011
0,884892844;0,966901821;0,762976677
0,641069573;0,179470675;0,351900225
0,628477555;0,87245598;0,632765339
0,831637239;0,630000802;0,93989963
0,400317838;0,21830613;0,98390027
0,142383718;0,519244142;0,532911597
0,780806838;0,720431257;0,599947605
0,457286988;0,170088901;0,944156075
0,456712655;0,585723262;0,142391467
0,791354427;0,897477071;0,121366653
0,705446498;0,679446355;0,112784988
0,872504029;0,806574813;0,927375828
0,631650049;0,741536066;0,514221552
0,907195741;0,195316434;0,841704619
0,031732185;0,131386793;0,788717663
0,167707357;0,090704326;0,073066297
0,108683926;0,799787068;0,890020508
0,042676522;0,576879797;0,491763895
0,9792097;0,702579222;0,623439546
0,93541927;0,263766143;0,911066856
0,192883082;0,475863738;0,371828353
0,634962039;0,148627103;0,704792509
0,89616118;0,234034655;0,54636307
0,226032228;0,503211539;0,660466833
0,014532685;0,900992326;0,615322159
0,497719715;0,293507092;0,404410213
0,813976129;0,844274013;0,189188871
0,302968263;0,206156415;0,078698357
0,269514625;0,050167477;0,958279064
0,660306073;0,863353118;0,675422105
0,293754762;0,346068185;0,2399376
0,542008164;0,94274567;0,346959766
0,59979272;0,255905098;0,576238899
0,706876929;0,428707101;0,105701768
0,049589437;0,550879386;0,187424698
0,77373366;0,769968814;0,727768257
0,124019775;0,694923424;0,405529412
0,145683353;0,668681217;0,791922983
0,897674664;0,526222394;0,738339067
0,966012296;0,931120388;0,179456665
0,080816956;0,802719141;0,435052132
0,155229628;0,040516721;0,305683654
0,210747476;0,214936609;0,784925484
0,738209729;0,291260374;0,679391718
0,391029039;0,269808566;0,63697644
0,163969446;0,262971025;0,694299394
0,994309973;0,238301337;0,432273638
0,037835847;0,29503834;0,978034518
0,161207255;0,105923632;0,812656697
0,320227829;0,68401391;0,636948822
0,952802651;0,849429573;0,797532542
0,683826298;0,037404237;0,744440342
0,911234123;0,207185118;0,112035934
0,31516699;0,535857862;0,324745744
0,993704515;0,587023286;0,311257516
0,791654834;0,669810827;0,916771759
0,287114703;0,961812134;0,573708412
0,064093646;0,165146092;0,922257343
0,178658577;0,030769897;0,700330032
0,247022959;0,067651434;0,342237253
0,243204839;0,137408499;0,428009984
0,637210956;0,359072275;0,418544829
0,727575224;0,974217077;0,980054514
0,058164572;0,715049255;0,591508913
0,411444438;0,397831881;0,210348411
0,789646382;0,540437776;0,648091341
0,181353735;0,318320607;0,434134944
0,498453315;0,792628278;0,769678498
0,98076384;0,161471463;0,553124962
0,069389673;0,45488491;0,841729668
0,134752497;0,009750008;0,731896718
0,410796681;0,50448151;0,193114435
0,164804763;0,96445021;0,505880276
0,221420188;0,240884689;0,965924139
0,76465644;0,96487374;0,804373251
0,36051887;0,200722135;0,839043941
0,82736117;0,560975607;0,270690253
0,571291751;0,695835253;0,608186
0,196715266;0,390014625;0,86337865
0,826643625;0,907376175;0,282251834
0,026434051;0,840256988;0,17022349
0,800197087;0,751163752;0,203498657
0,158500751;0,647935522;0,054100129
0,572882138;0,642713976;0,483612635
0,973331724;0,575030516;0,909448883
0,849097657;0,410130027;0,00352861
0,145531751;0,188785119;0,518942925
0,849221735;0,87968974;0,204499523
0,345325179;0,76728713;0,122811949
0,313815389;0,666418232;0,548104947
0,766155176;0,971992649;0,162680369
0,36185963;0,085839052;0,226606847
0,467707085;0,609349754;0,996539533
0,968252659;0,256853217;0,159738215
0,75111966;0,42276166;0,429045785
0,653473821;0,536472493;0,636735474
0,771902188;0,585654779;0,425370974
0,606516871;0,707006428;0,271567305
0,878157763;0,97302811;0,617882302
0,949987391;0,119946452;0,023766151
0,339934968;0,991390157;0,99726523
0,956410338;0,997637807;0,284885808
0,617592349;0,8800907;0,536645966
0,588705326;0,099709586;0,846471252
0,840831657;0,193449013;0,251834409
0,195958297;0,957155497;0,036519257
0,757007452;0,563165282;0,463112125
0,561990206;0,829429739;0,594940329
0,270170671;0,479898888;0,952222185
0,372872732;0,092092376;0,863041056
0,989651002;0,15686239;0,645662493
0,099349617;0,173501531;0,472630155
0,062996025;0,924464901;0,165031782
0,586060073;0,707530919;0,679642049
0,18373364;0,946195677;0,128673779
0,945930553;0,930681138;0,562839261
0,105148338;0,454431513;0,583339912
0,014323435;0,095557139;0,553730263
0,637628495;0,610962553;0,007992245
0,869974593;0,834977776;0,712951574
0,200086843;0,041779791;0,01463839
0,685776536;0,799900014;0,047744696
0,305899903;0,185734708;0,985716528
0,240468989;0,561324242;0,453319099
0,449675729;0,013589381;0,084367178
0,912443783;0,939974284;0,19519863
0,306628846;0,783180739;0,702899988
0,466191996;0,630010475;0,482741384
0,81927805;0,099721568;0,525198304
0,35023363;0,425629627;0,832987269
0,072152167;0,104469843;0,689353049
0,40033147;0,101442595;0,263311465
0,561793169;0,414889556;0,438933826
0,076742435;0,139725725;0,80954053
0,160325688;0,52074392;0,293095978
0,661821552;0,810347096;0,848964478
0,463208262;0,127296879;0,851871954
0,915805841;0,526925906;0,843961042
0,540106528;0,311875958;0,531903522
0,593986725;0,756859851;0,668037276
0,007321265;0,456628658;0,290783329
0,166137262;0,74779371;0,608074227
0,532747588;0,671885813;0,928072049
0,448647816;0,702379209;0,587928352
0,167579856;0,613703747;0,711087172
0,117240533;0,775823709;0,776384478
0,782634029;0,385059988;0,887181763
0,877707243;0,203769337;0,891442557
0,259460772;0,584827734;0,350474993
0,00918341;0,36882065;0,445346109
0,970050997;0,820774099;0,010655315
0,774882295;0,349043406;0,813536757
0,672055289;0,06367077;0,891948262
0,298672878;0,191070251;0,705153357
0,827623072;0,23259413;0,930873845
0,046679496;0,453254013;0,626610655
0,424890347;0,546444907;0,488899559
0,366374851;0,589586383;0,602200208
0,129728157;0,636264554;0,554683179
0,055511533;0,002946054;0,945460633
0,90454146;0,002623835;0,389458938
0,039107119;0,793971193;0,6320044
0,319444672;0,08078618;0,538996021
0,688354574;0,698780652;0,098713409
0,000983372;0,667163143;0,062999896
0,270630607;0,118008662;0,879302846
0,10680984;0,177138064;0,759635366
0,571889118;0,885680622;0,666380632
0,760157535;0,691888084;0,172291502
0,050697998;0,260426974;0,153655679
0,528627129;0,00496741;0,741892431
0,998912792;0,808254659;0,815839582
0,366400455;0,721274388;0,927325368
0,675391739;0,784217639;0,305650715
0,498861296;0,102336129;0,947533043
0,158633781;0,486375866;0,946088104
0,088655474;0,848195473;0,499460206
0,724332217;0,645983227;0,626076295
0,753988145;0,511537562;0,802682718
0,514858831;0,472200192;0,545624342
0,339527706;0,960195901;0,14620219
0,622039523;0,910161308;0,117648982
0,207426401;0,024742778;0,953857796
0,899002388;0,026337321;0,914294891
0,76394524;0,61864658;0,965054719
0,010908459;0,871734235;0,543643049
0,984953987;0,619519843;0,758323448
0,483207826;0,685821719;0,448670557
0,785476869;0,327610001;0,834606219
0,602649802;0,732193868;0,422873749
0,946822098;0,118616435;0,583322821
0,772771513;0,067958763;0,797309997
0,34613997;0,087510036;0,086372123
0,466631085;0,960361384;0,186436757
0,881759802;0,398448357;0,693629482
0,069909114;0,724192824;0,791784528
0,378707581;0,702226531;0,50504281
0,474484276;0,487393445;0,48326027
0,960217243;0,000625967;0,917687683
0,194279307;0,939357108;0,962858397
0,660713493;0,786084716;0,786072068
0,926361098;0,670440942;0,435696896
0,744940279;0,567216119;0,911311128
0,341625216;0,063560057;0,027370195
0,667912431;0,381683755;0,121163715
0,508491578;0,138629011;0,638915107
0,119603948;0,10388093;0,302744718
0,885659066;0,580662829;0,755635469
0,628827081;0,81901385;0,08853306
0,311660272;0,043460465;0,629289015
0,320802799;0,75587211;0,388309011
0,432282869;0,901268285;0,289677424
0,240050592;0,826259669;0,038504303
0,341855354;0,318363132;0,403318909
0,946883717;0,61936669;0,644270132
0,344761652;0,610317737;0,827484457
0,078871195;0,96810847;0,045967313
0,891199276;0,124098005;0,380148677
0,639706893;0,406944882;0,353844094
0,143058456;0,121734387;0,146513152
0,877609277;0,933591828;0,21464597
0,086479165;0,303704943;0,456206473
0,026737925;0,359325978;0,932211282
0,450779285;0,063630672;0,204386853
0,586678702;0,38790985;0,637290524
0,646762614;0,385766993;0,116887373
0,12206101;0,806710506;0,966975536
0,637321992;0,333539604;0,832463539
0,974191401;0,034575454;0,119052978
0,729869935;0,836123074;0,286326038
0,800727524;0,460666445;0,314309973
0,567095766;0,046171292;0,21277891
0,228895642;0,343446927;0,79855448
0,478198754;0,164338999;0,344943085
0,475362184;0,79756765;0,693586931
0,782250591;0,64757775;0,810004186
0,494482182;0,675996591;0,017659103
0,653709469;0,893613907;0,314238643
0,71968061;0,988983057;0,806848
0,008002918;0,474122042;0,594564583
0,07260109;0,998348498;0,715824209
0,588917315;0,878248631;0,776565677
0,966782366;0,342611869;0,579989646
0,944961312;0,219394439;0,530119101
0,655086368;0,042526976;0,31604903
0,13122117;0,620746132;0,800666686
0,269573966;0,378005634;0,118039241
0,671811417;0,480123805;0,834218311
0,751326321;0,203173808;0,743792207
0,416896187;0,755344383;0,912519316
0,542025957;0,467875597;0,011830873
0,150848263;0,402190923;0,118139495
0,435646612;0,622503769;0,241430032
0,572149957;0,348496034;0,99781263
0,75062095;0,435174904;0,652808154
0,173739227;0,744288509;0,727219215
0,896626531;0,658846564;0,300332222
0,753645883;0,398471541;0,325875391
0,016715591;0,881217253;0,133189112
0,706708134;0,121322101;0,388282303
0,857824571;0,516896045;0,446673296
0,51807146;0,191943717;0,359320821
0,580233754;0,26886083;0,73331848
0,739026604;0,390561652;0,962955433
0,26721405;0,387525247;0,662588116
0,29604123;0,604478449;0,081447229
0,254222165;0,977339704;0,495328986
0,999944249;0,190430098;0,1274712
0,545396786;0,450016875;0,292012896
0,448489434;0,191841409;0,466375817
0,305539312;0,390905264;0,639336566
0,063382882;0,500823899;0,764731798
0,189447338;0,596163461;0,404942536
0,880081582;0,016094506;0,53347335
0,105807742;0,776546537;0,649618306
0,028301747;0,600516495;0,867663158
0,915251215;0,599442933;0,091069871
0,926217959;0,199302143;0,750731746
0,98017719;0,740608161;0,485508931
0,060560353;0,065617284;0,590653659
0,913595062;0,208538605;0,812986021
0,148220999;0,080608534;0,878994539
0,962258702;0,058590418;0,875103708
0,083356263;0,923617005;0,665857181
0,107064411;0,530550507;0,843074421
0,349440479;0,423525893;0,316154899
0,659884337;0,204264217;0,897882739
0,649978268;0,734586805;0,567452463
0,906694778;0,858026645;0,209223612
0,882237205;0,986131603;0,994381009
0,123253738;0,04726799;0,096985211
0,940528257;0,866431053;0,228274394
0,586472919;0,140579619;0,150336196
0,118663892;0,49020537;0,314601637
0,828284077;0,580793897;0,626661144
0,787338425;0,984530624;0,389949472
0,050833806;0,653788997;0,816698823
0,71356455;0,534575571;0,119028514
0,573617258;0,415558459;0,465957807
0,549240249;0,500778859;0,216866075
0,663522674;0,198164694;0,495041702
0,971576313;0,135141733;0,207245886
0,919952566;0,651029948;0,237377395
0,739421261;0,122857384;0,382483839
0,187732132;0,773703444;0,176369072
0,733746763;0,87808974;0,63764782
0,438135584;0,212838819;0,732512672
0,369688868;0,04785813;0,621112906
0,247814222;0,287885677;0,182699129
0,608300181;0,602720481;0,547432699
0,491450965;0,969118149;0,700032825
0,937491129;0,203582252;0,389559721
0,778150011;0,348996692;0,350390532
0,529407811;0,860244146;0,654217153
0,907160302;0,606688953;0,85843728
0,06792661;0,432546214;0,731591356
0,988865848;0,921327851;0,420972255
0,069648332;0,350531121;0,301731255
0,633054579;0,202829261;0,974989432
0,572850463;0,549335973;0,722611059
0,706465531;0,828999825;0,382106904
0,085548218;0,059075564;0,926736022
0,322895197;0,317285432;0,764472789
0,968252706;0,947301375;0,632186078
0,111159789;0,932530693;0,339505198
0,51561507;0,247729309;0,093270747
0,954202544;0,383079011;0,947358384
0,419486215;0,229300189;0,567032912
0,019622741;0,549120944;0,917493468
0,460031339;0,308608316;0,275661693
0,510126456;0,703032239;0,478407711
0,179165043;0,724226782;0,16715081
0,090194914;0,200094542;0,452070743
0,66776075;0,424299791;0,58681021
0,302510166;0,152010457;0,585197554
0,449105087;0,388503102;0,697582304
0,947335611;0,655459677;0,243180059
0,121903797;0,522275324;0,727156188
0,011738622;0,07755718;0,083488998
0,258155383;0,431651923;0,059365452
0,359926601;0,362184651;0,034814734
0,735214143;0,683722049;0,450060072
0,767730465;0,703280944;0,074127289
0,060610071;0,840432651;0,187738148
0,063419981;0,795122307;0,977640059
0,919126978;0,665376907;0,09338098
0,616467211;0,471065478;0,056605006
0,027594919;0,730528241;0,022773135
0,506093925;0,302996446;0,680261612
0,989040581;0,820849321;0,145713918
0,49003457;0,328793738;0,424158491
0,18669158;0,663388369;0,502386985
0,869766792;0,979933598;0,431842586
0,362352033;0,815993807;0,802902933
0,976660624;0,95700514;0,140727755
0,377569541;0,374495664;0,179008368
0,086113805;0,325856702;0,330656923
0,201398618;0,48406824;0,345156618
0,680097157;0,078131366;0,757381412
0,01436458;0,235729745;0,038741093
0,719448896;0,095163479;0,98171459
0,201452329;0,944863776;0,695795442
0,706495958;0,538551983;0,292234454
0,337721196;0,276450723;0,669764502
0,104536593;0,051581507;0,750855414
0,55873685;0,928998765;0,502047846
0,901517062;0,74050416;0,603847901
0,420472349;0,877540734;0,270831665
0,389574599;0,352637388;0,400995266
0,419020546;0,097432244;0,5288629
0,857874167;0,436770792;0,244846862
0,353151521;0,761359792;0,660599924
0,45332978;0,076376139;0,304970445
0,637266667;0,521218272;0,58451672
0,80127936;0,999541131;0,849609524
0,38185536;0,498698645;0,973727505
0,219236666;0,542255522;0,634210508
0,3475768;0,327423255;0,589637561
0,605886714;0,036253226;0,164604393
0,734186808;0,065284957;0,8531151
0,433659451;0,645883119;0,871008325
0,412136713;0,402478839;0,723553962
0,719213167;0,370227674;0,844352557
0,920606528;0,185859342;0,293131988
0,849130724;0,360073646;0,774578248
0,948435862;0,221419193;0,627474064
0,771720931;0,380108003;0,798495808
0,002117356;0,339653797;0,214571692
0,561537801;0,776940111;0,934440773
0,737097636;0,14642348;0,161762526
0,952853571;0,04857307;0,22782941
0,0016416;0,958989097;0,508117449
0,810842549;0,480114133;0,521708339
0,441574833;0,938918172;0,158655314
0,071740299;0,024434017;0,78520365
0,237207426;0,222226139;0,964238915
0,836165034;0,493606899;0,740163179
0,797823948;0,557471743;0,575290933
0,341849724;0,950076543;0,888314485
0,297852826;0,451265082;0,906803974
0,511698356;0,737294029;0,958034631
0,155506887;0,127480332;0,748774439
0,167961975;0,125869187;0,938313132
0,827149773;0,231466635;0,059506271
0,910436863;0,948615114;0,510098048
0,849004552;0,681047687;0,163325191
0,145495936;0,905910253;0,653095459
0,707375763;0,95114521;0,801311359
0,976766766;0,559463125;0,336824899
0,703181225;0,117911526;0,904225975
0,567445625;0,428858753;0,818876163
0,59546068;0,343380313;0,158997467
0,493101357;0,716897158;0,15138688
0,068559034;0,815267815;0,582468247
0,874119837;0,101320528;0,675997999
0,949864971;0,468398617;0,33506058
0,252359875;0,91876279;0,275687224
0,827548663;0,41274634;0,382925281
0,16599505;0,20825723;0,389736917
0,002558856;0,899874815;0,240693112
0,593140219;0,053182753;0,853403179
0,375327919;0,130183965;0,407607132
0,751718302;0,098554589;0,486506723
0,939774981;0,589170635;0,287513905
0,006564317;0,034573299;0,160632697
0,142402699;0,078673583;0,978365526
0,642202054;0,237580558;0,749077006
0,942497895;0,433583757;0,659949833
0,589049528;0,229308022;0,323178942
0,959832397;0,413748724;0,46321727
0,98306678;0,219773554;0,99128186
0,879873075;0,383576276;0,272820531
0,624979003;0,894013207;0,195618976
0,547600247;0,73652254;0,105754877
0,731995229;0,195564726;0,490674354
0,862936451;0,82549137;0,553952636
0,437140698;0,560625142;0,630603027
0,146126605;0,553107491;0,585316192
0,578294692;0,411882866;0,695427031
0,204231812;0,550566923;0,550841644
0,885956242;0,048033404;0,452889092
0,24442599;0,634464685;0,093575449
0,14860192;0,246123855;0,413420885
0,980105333;0,292438696;0,64344452
0,025933715;0,029382606;0,94914381
0,801094344;0,977583278;0,316076205
0,058607133;0,873573281;0,25193536
0,437893642;0,601956185;0,742752934
0,067583583;0,430069578;0,722644136
0,537203055;0,554339036;0,003343806
0,501206391;0,096507414;0,288664933
0,811180824;0,529516561;0,898739227
0,004909444;0,715971548;0,827138676
0,770715807;0,128421239;0,966384665
0,536769849;0,015965442;0,565741269
0,319025273;0,467305272;0,486146908
0,672234231;0,692229582;0,989277986
0,230341881;0,003698397;0,450629344
0,853657818;0,314695089;0,314040478
0,88182357;0,174065486;0,09426427
0,40108899;0,231060783;0,603035291
0,011562332;0,743556899;0,450801519
0,739273108;0,353289166;0,319236343
0,394459309;0,442231568;0,672091796
0,380293708;0,599048352;0,767815869
0,28965053;0,229547712;0,575365942
0,90704094;0,59076012;0,225717684
0,501763474;0,031415333;0,198971775
0,14558964;0,555591442;0,246807031
0,34377134;0,917972993;0,970280806
0,257608461;0,012490045;0,778859368
0,317874566;0,028319823;0,955544268
0,518639181;0,908834514;0,549901499
0,493475745;0,321179135;0,170156008
0,373265092;0,437484397;0,763011124
0,339050321;0,444658802;0,723677355
0,423325214;0,542603725;0,117847884
0,185730591;0,679657853;0,035892503
0,632318455;0,371575548;0,26807865
0,180330637;0,615494054;0,897862453
0,767303027;0,185260329;0,76553493
0,984041489;0,588250164;0,914006362
0,424585335;0,901051946;0,393781376
0,221089739;0,841916734;0,418425242
0,752597211;0,155158251;0,162049564
0,251332231;0,460446985;0,755761232
0,578265452;0,721007869;0,238396127
0,252518006;0,963065894;0,215556894
0,788677169;0,611392888;0,228740091
0,628728634;0,731266079;0,351856244
0,086059976;0,432472041;0,754677529
0,368293077;0,740390505;0,285091428
0,55002887;0,722684024;0,452512246
0,857053241;0,749789735;0,664638825
0,951510332;0,679866269;0,256360879
0,919983707;0,047633756;0,874357329
0,336797794;0,422273147;0,999473618
0,590579286;0,450504439;0,672406232
0,726168248;0,988677247;0,533483043
0,447108301;0,191934757;0,82562885
0,946395357;0,93899201;0,557382219
0,205552273;0,009222764;0,262489917
0,859283761;0,700163838;0,033848699
0,000896307;0,501622564;0,125427505
0,637995034;0,118109357;0,724881421
0,800126887;0,237404223;0,806556896
0,551080954;0,509094074;0,158301065
0,602110139;0,311468826;0,356899156
0,018548858;0,695188985;0,754443614
0,029583081;0,701349068;0,233959552
0,431508589;0,439054404;0,898829291
0,526785481;0,881796448;0,725603735
0,033233382;0,813108272;0,40203442
0,74900229;0,898598716;0,242698145
0,043992708;0,346019829;0,330702152
0,521896305;0,413029029;0,640372316
0,190409527;0,089291076;0,450568284
0,460653002;0,33075433;0,476727338
0,332375811;0,085449899;0,78153963
0,182881883;0,693773052;0,29840467
0,019380719;0,178680855;0,858720499
0,988156363;0,431236758;0,238006185
0,209664861;0,893083117;0,143419553
0,122323947;0,001456744;0,984345461
0,654607072;0,290150949;0,997501319
0,343803112;0,000880616;0,335358906
0,460059297;0,913394576;0,472590717
0,833592358;0,133389197;0,160724186
0,287227927;0,578656622;0,942520975
0,140324145;0,543033907;0,294028239
0,625843115;0,097349585;0,930483446
0,997116095;0,481031661;0,947221247
0,866524691;0,018923773;0,875447852
0,80870909;0,291352287;0,708610304
0,33629163;0,316425102;0,637459287
0,566773721;0,912383987;0,99626138
0,089014041;0,302850427;0,075618133
0,22351619;0,631954838;0,909256601
0,340528108;0,227153749;0,600609764
0,66553186;0,48405255;0,213811755
0,506371227;0,812690131;0,114061177
0,151670359;0,558821313;0,587997089
0,138013396;0,665475088;0,584570151
0,489912405;0,446995392;0,108445555
0,924893653;0,776294806;0,402741369
0,126631045;0,943734424;0,079659517
0,108062018;0,265135427;0,294897728
0,751791824;0,071236924;0,702111369
0,375495561;0,690537555;0,129600457
0,665894384;0,606478393;0,169370563
0,796115931;0,773281353;0,863704146
0,695123901;0,231391127;0,164985314
0,102212824;0,494098792;0,72246154
0,278566929;0,683793235;0,244805043
0,169663496;0,003052979;0,300343775
0,821872427;0,673300857;0,980112779
0,406197298;0,677687253;0,320419513
0,037884531;0,520827881;0,440467515
0,156259801;0,224844031;0,511207893
0,784182292;0,201899372;0,188424595
0,424662926;0,818464412;0,695290929
0,669673387;0,866724753;0,029047389
0,953260212;0,870618779;0,842862174
0,979134244;0,734900892;0,85093922
0,796960502;0,84467441;0,369052981
0,24457004;0,303955205;0,577983402
0,233041122;0,504381799;0,030008849
0,961612959;0,540225925;0,311353062
0,488470711;0,686918124;0,322970263
0,705009725;0,860942929;0,086934848
0,233624901;0,796609072;0,649374799
0,429883765;0,985607533;0,795768303
0,308622459;0,760850281;0,518716717
0,434214737;0,538583104;0,315353942
0,738236137;0,248526055;0,134098813
0,254755962;0,845470318;0,413142182
0,117795181;0,276851046;0,426506136
0,350811694;0,383453963;0,972998446
0,069411655;0,257171923;0,264388072
0,530307892;0,687409734;0,692745245
0,313822293;0,268557359;0,936502059
0,349507859;0,438780529;0,942142917
0,694049821;0,781972696;0,310260747
0,130184194;0,142251527;0,079820502
0,3950066;0,45268993;0,406812036
0,62792866;0,867196829;0,94425073
0,010971071;0,293842034;0,241636996
0,542385228;0,165846393;0,495330376
0,343778222;0,875965371;0,2274176
0,211832143;0,530761961;0,776222939
0,831012264;0,027556992;0,894843884
0,919111222;0,496572726;0,103280692
0,172719446;0,471210684;0,545705595
0,431291899;0,248663648;0,48310412
0,110909774;0,04612514;0,504882973
0,646637259;0,951844526;0,69709796
0,61192198;0,207547666;0,51487734
0,912483438;0,17759394;0,991684125
0,35882466;0,326046702;0,487954149
0,716966191;0,315523358;0,631761873
0,672707988;0,425312593;0,689257906
0,403469637;0,76555469;0,141569676
0,872127306;0,556821612;0,664947146
0,110716471;0,02223854;0,959409403
0,678267258;0,332911882;0,642325218
0,50206247;0,864367544;0,232422225
0,254211195;0,033018192;0,104295707
0,442561812;0,89980149;0,064295686
0,045603654;0,174976708;0,63572363
0,469213788;0,906365873;0,155590431
0,394391364;0,803794837;0,304800092
0,499651302;0,426111521;0,438849107
0,485781728;0,054384039;0,523620517
0,915138022;0,439587934;0,907304985
0,037363171;0,363396743;0,731273038
0,528740992;0,124949337;0,201103939
0,75920058;0,973463325;0,154238499
0,853692003;0,180812499;0,090938251
0,987960772;0,859689598;0,678778327
0,357149023;0,418296011;0,268404724
0,584760884;0,005914123;0,88858059
0,438969078;0,120975144;0,722433076
0,521624662;0,308851049;0,584923999
0,278719162;0,762386031;0,198784456
0,989919788;0,343139104;0,044912137
0,651714996;0,594484461;0,519802647
0,216906924;0,057318121;0,08958596
0,276132714;0,223648212;0,847101466
0,102638237;0,645616499;0,262642613
0,543174092;0,014066442;0,812779178
0,770519997;0,650735031;0,963699187
0,55517794;0,919806652;0,663810223
0,682684935;0,670018661;0,908530897
0,717564346;0,766516031;0,433312
0,142193979;0,311900638;0,982407471
0,346670474;0,240326972;0,800113745
0,638998955;0,959683715;0,86958152
0,659906747;0,971144859;0,656097321
0,854692818;0,120384453;0,083114353
0,713187709;0,039380297;0,89385416
0,069113384;0,226910588;0,724010889
0,954866717;0,84177201;0,195902915
0,503044114;0,507843631;0,417423145
0,163352586;0,946597955;0,052627758
0,097382994;0,568810604;0,728321051
0,466681497;0,868947628;0,678953667
0,27366004;0,260139983;0,815813153
0,640269378;0,905612447;0,326745368
0,322840814;0,762399228;0,804027556
0,98316136;0,25990032;0,369990848
0,315337993;0,73778066;0,437145226
0,302182527;0,299977503;0,847347936
0,068879635;0,272467109;0,895016212
0,913931528;0,777122747;0,013324917
0,884846533;0,398308365;0,827168781
0,996861705;0,38364922;0,135967879
0,194302491;0,804822921;0,015796192
0,533579442;0,440641971;0,468142372
0,799186007;0,942756765;0,162626889
0,293365198;0,035266442;0,389415944
0,66626097;0,816993972;0,414510194
0,414282009;0,092632273;0,63345221
0,989282146;0,007407056;0,390569607
0,911873225;0,049640434;0,379904896
0,9520693;0,030542976;0,59621175
0,173914577;0,801793174;0,987115852
0,8945217;0,609631223;0,625548015
0,643682276;0,135041543;0,490179786
0,176636551;0,231384135;0,062826714
0,699068822;0,808635484;0,432332006
0,361144562;0,059086466;0,321404707
0,445670198;0,92890909;0,501120511
0,91321309;0,426194706;0,674401306
0,469690688;0,500614156;0,97824688
0,490752659;0,851636902;0,103196614
0,028790948;0,843820014;0,635822264
0,947914755;0,752092429;0,589190244
0,851177896;0,471630392;0,279789426
0,096143282;0,967051476;0,606570118
0,990270848;0,353681509;0,295224303
0,963959015;0,434025679;0,700330402
0,28799545;0,715261089;0,8548735
0,210816576;0,96104643;0,620364333
0,352810507;0,54949118;0,906306688
0,256701235;0,37012562;0,2126224
0,566452989;0,356111486;0,374273897
0,766633469;0,064711333;0,407175089
0,537867152;0,994978281;0,712241195
0,294265999;0,348584807;0,116279668
0,383404516;0,986274955;0,267481757
0,080090043;0,453330704;0,664333735
0,036622374;0,225328762;0,429261372
0,283014371;0,465622029;0,271760937
0,754332304;0,519256324;0,388671867
0,629461269;0,054648801;0,307277681
0,214826355;0,239882418;0,400527703
0,995786771;0,070590422;0,022786359
0,089161318;0,482248414;0,96779454
0,502205329;0,056621407;0,679217045
0,094318645;0,504109413;0,096165014
0,405120266;0,687216579;0,647101567
0,068100571;0,921747002;0,908809142
0,512626656;0,142985602;0,838867003
0,152676876;0,436918772;0,599949114
0,966376599;0,458813531;0,827246868
0,679297759;0,313007355;0,797948246
0,620667223;0,506218267;0,491362256
0,463164994;0,272956715;0,630275703
0,26201149;0,973760275;0,673781538
0,349974585;0,642658627;0,223332455
0,383386185;0,067664243;0,980459956
0,879562905;0,053457142;0,447247208
0,272806047;0,261369204;0,118856617
0,943429901;0,334578454;0,570193893
0,568879976;0,078280069;0,587711085
0,922206147;0,37039243;0,913217265
0,688836921;0,306843755;0,773569724
0,506758024;0,572263705;0,648872283
0,123336313;0,682669177;0,730539746
0,830053377;0,070496239;0,529710455
0,26038833;0,566318739;0,815967182
0,083687486;0,119258936;0,415475553
0,99059521;0,685832659;0,039219929
0,488508665;0,080301894;0,354411085
0,882977956;0,920608622;0,019265347
0,676730953;0,643920587;0,791771461
0,883791761;0,273797587;0,871920854
