PolyLine;ColorIdx=8;StartPoint=3302,1571;Points=3185,1257,3156,1203,3112,1166,3024,1097,2977,1067,2918,1071,3090,1283,3207,1524,3375,2039,3302,1571
PolyLine;ColorIdx=8;StartPoint=2867,1633;Points=2871,1816,2893,1998,2922,1553,2918,1330,2875,1111,2849,1031,2824,998,2776,983,2820,1308,2867,1633
PolyLine;ColorIdx=8;StartPoint=3791,3305;Points=3868,3251,3860,3229,3839,3225,3773,3251,3744,3309,3747,3327,3758,3324,3791,3305
PolyLine;ColorIdx=8;StartPoint=9490,3795;Points=9512,3912,9505,4036,9443,3868,9428,3718,9443,3561,9476,3671,9490,3795
PolyLine;ColorIdx=8;StartPoint=9209,4572;Points=9067,4791,8902,4992,8932,4908,8975,4828,9059,4664,9096,4459,9081,4258,8943,3893,8848,3729,8720,3576,8724,3561,8745,3561,8891,3725,9019,3897,8968,3751,8902,3609,8811,3484,8694,3371,8556,3309,8139,3251,8264,3134,8424,3072,8596,3075,8745,3152,8537,3134,8435,3148,8351,3211,8570,3221,8672,3247,8771,3295,8866,3375,8935,3470,9038,3685,9070,3886,9081,3988,9114,4083,9125,3576,9114,3324,9067,3075,9231,3357,9308,3671,9286,3992,9235,4145,9162,4295,9260,4215,9330,4120,9432,3897,9516,4240,9534,4412,9519,4580,9439,4821,9311,5040,9344,4693,9337,4342,9341,4372,9330,4386,9319,4361,9257,4463,9209,4572
PolyLine;ColorIdx=8;StartPoint=8760,5898;Points=9016,5664,9231,5408,9406,5124,9534,4810,9527,5007,9487,5197,9417,5376,9326,5547,9184,5711,9012,5839,8614,6022,8760,5898
PolyLine;ColorIdx=8;StartPoint=7274,7413;Points=7099,7544,7135,7479,7205,7438,7296,7354,7343,7322,7413,7314,7274,7413
PolyLine;ColorIdx=8;StartPoint=8395,8139;Points=8421,7712,8475,7643,8592,7595,8523,7760,8475,7931,8380,8271,8373,8205,8395,8139
PolyLine;ColorIdx=8;StartPoint=6741,9136;Points=6752,9158,6745,9169,6705,9180,6683,9173,6726,9041,6792,8913,6774,9023,6741,9136
PolyLine;ColorIdx=8;StartPoint=6781,9377;Points=6668,9439,6580,9439,6562,9395,6580,9341,6661,9238,6730,9209,6807,9213,6891,9224,6975,9213,6891,9308,6781,9377
PolyLine;ColorIdx=8;StartPoint=6876,9538;Points=6708,9549,6621,9541,6540,9505,6759,9490,6971,9443,7165,9352,7325,9205,7515,8950,7672,8676,7898,8344,7990,8253,8103,8183,8205,8117,8289,8019,8154,8085,8085,8114,8019,8096,8362,7741,8344,8059,8267,8380,8147,8683,7971,8961,7756,9198,7500,9384,7208,9501,6876,9538
PolyLine;ColorIdx=8;StartPoint=6967,9852;Points=6569,9826,6522,9808,6507,9768,6569,9731,6646,9731,7037,9658,7406,9530,7734,9326,7884,9195,8015,9045,8194,8745,8322,8428,8271,8680,8183,8917,8055,9140,7902,9344,7705,9541,7482,9698,7238,9812,6967,9852
PolyLine;ColorIdx=8;StartPoint=7033,9906;Points=7081,9892,7128,9899,7084,9943,7037,9965,6949,9917,6989,9906,7033,9906
PolyLine;ColorIdx=8;StartPoint=6540,9969;Points=6482,9925,6449,9859,6715,9939,6986,9998,6869,10049,6752,10074,6697,10067,6642,10038,6540,9969
PolyLine;ColorIdx=8;StartPoint=6482,10082;Points=6635,10122,6544,10155,6460,10140,6281,10042,6288,10020,6482,10082
PolyLine;ColorIdx=8;StartPoint=5850,9804;Points=5817,9775,5847,9760,5876,9771,5956,9844,5949,9866,5894,9848,5850,9804
PolyLine;ColorIdx=8;StartPoint=6011,10023;Points=5901,9961,6066,10009,6197,10111,6146,10118,6098,10089,6011,10023
PolyLine;ColorIdx=8;StartPoint=5397,10509;Points=5324,10450,5328,10436,5350,10425,5438,10480,5511,10556,5452,10542,5397,10509
PolyLine;ColorIdx=8;StartPoint=4634,10520;Points=4605,10567,4580,10472,4605,10374,4645,10450,4653,10487,4634,10520
PolyLine;ColorIdx=8;StartPoint=1998,10122;Points=2046,10158,1962,10140,1885,10093,1944,10096,1998,10122
PolyLine;ColorIdx=8;StartPoint=3627,10286;Points=3744,10140,3776,10220,3758,10279,3682,10326,3634,10337,3601,10315,3627,10286
PolyLine;ColorIdx=8;StartPoint=3123,10330;Points=3251,10385,3254,10399,3243,10410,3065,10410,2893,10374,3010,10326,3065,10315,3123,10330
PolyLine;ColorIdx=8;StartPoint=2214,10100;Points=2108,10096,2006,10060,1809,9969,1754,9936,1728,9870,1991,9954,2261,10020,2294,10045,2305,10082,2269,10107,2214,10100
PolyLine;ColorIdx=8;StartPoint=2437,10020;Points=2502,10012,2572,10016,2440,10074,2382,10074,2353,10023,2437,10020
PolyLine;ColorIdx=8;StartPoint=2714,10093;Points=2626,10118,2583,10129,2553,10158,2678,10147,2776,10158,2838,10206,2805,10279,2736,10319,2586,10264,2455,10151,2630,10049,2805,9998,2820,10009,2794,10034,2714,10093
PolyLine;ColorIdx=8;StartPoint=2864,9786;Points=2904,9760,2948,9757,2908,9826,2853,9870,2827,9833,2864,9786
PolyLine;ColorIdx=8;StartPoint=2342,9885;Points=2484,9888,2615,9863,2743,9852,2648,9910,2539,9939,2301,9943,2276,9921,2265,9888,2269,9863,2290,9866,2342,9885
PolyLine;ColorIdx=8;StartPoint=1929,9611;Points=2104,9735,2232,9910,2013,9852,1809,9760,1429,9512,1688,9523,1929,9611
PolyLine;ColorIdx=8;StartPoint=2097,9647;Points=2152,9655,2185,9680,2203,9775,2093,9731,2031,9644,2031,9629,2050,9633,2097,9647
PolyLine;ColorIdx=8;StartPoint=2407,9563;Points=2276,9552,2155,9523,2207,9501,2217,9454,2214,9399,2232,9348,2513,9483,2667,9523,2824,9534,2725,9567,2623,9582,2407,9563
PolyLine;ColorIdx=8;StartPoint=1571,8888;Points=1622,8932,1648,8997,1652,9143,1469,8837,1527,8848,1571,8888
PolyLine;ColorIdx=8;StartPoint=1265,8661;Points=1338,8702,1418,8877,1506,9041,1746,9330,1717,9231,1652,9154,1681,9114,1673,9067,1659,9012,1663,8961,1798,9092,1936,9227,2042,9352,2097,9512,1874,9425,1666,9304,1487,9140,1349,8939,1392,8961,1359,8859,1290,8771,1140,8614,1206,8625,1265,8661
PolyLine;ColorIdx=8;StartPoint=534,8377;Points=666,8446,596,8453,545,8428,458,8347,399,8307,374,8242,534,8377
PolyLine;ColorIdx=8;StartPoint=899,8464;Points=1100,8464,1192,8504,1265,8585,1206,8578,1159,8552,936,8526,724,8464,808,8461,899,8464
PolyLine;ColorIdx=8;StartPoint=1257,8099;Points=1265,8041,1283,7993,1290,8107,1276,8216,1250,8158,1257,8099
PolyLine;ColorIdx=8;StartPoint=1115,7800;Points=1086,7577,1108,7358,1206,6924,1283,7479,1268,7752,1199,8019,1148,7917,1115,7800
PolyLine;ColorIdx=8;StartPoint=5007,6230;Points=5058,6215,5094,6255,5087,6288,5054,6307,5007,6288,4992,6263,5007,6230
PolyLine;ColorIdx=8;StartPoint=2444,6482;Points=2469,6507,2473,6540,2447,6559,2418,6559,2393,6529,2400,6493,2418,6471,2444,6482
PolyLine;ColorIdx=8;StartPoint=867,6088;Points=863,6022,878,5952,987,6128,1067,6314,1108,6511,1104,6715,1031,7121,852,6310,852,6197,867,6088
PolyLine;ColorIdx=8;StartPoint=1392,6146;Points=1443,6292,1473,6438,1473,6591,1451,6745,1334,6412,1312,6241,1330,6069,1392,6146
PolyLine;ColorIdx=8;StartPoint=1334,5872;Points=1316,5839,1323,5799,1454,6040,1531,6146,1644,6230,1579,6234,1553,6234,1535,6263,1334,5872
PolyLine;ColorIdx=8;StartPoint=1184,5606;Points=1195,5686,1188,5766,1144,5686,1129,5598,1170,5419,1184,5606
PolyLine;ColorIdx=8;StartPoint=980,5069;Points=1009,5189,994,5460,987,5595,1013,5730,907,5598,815,5445,764,5339,764,5215,819,5098,921,5010,958,5021,980,5069
PolyLine;ColorIdx=8;StartPoint=1188,4664;Points=1199,4974,1177,5284,1111,5043,1053,4937,965,4846,976,4737,1024,4642,1170,4470,1192,4565,1188,4664
PolyLine;ColorIdx=8;StartPoint=3966,2871;Points=3937,2911,3919,2933,3912,2893,3944,2860,3970,2827,3941,2798,4036,2783,4105,2834,4083,2864,4025,2845,3966,2871
PolyLine;ColorIdx=8;StartPoint=3561,1768;Points=3587,1947,3729,2199,3765,2334,3755,2473,3835,2517,3893,2583,4006,2725,3875,2710,3758,2707,3747,2714,3758,2725,3780,2743,3733,2798,3678,2827,3441,2805,3543,2853,3649,2867,3755,2845,3846,2783,3871,2772,3912,2787,3817,2853,3733,2926,3656,2933,3587,2889,3535,2886,3466,2889,3411,2853,3404,2798,3305,2816,3236,2794,3075,2615,3013,2517,2966,2407,2988,2542,3032,2670,3035,2783,3010,2827,2959,2860,2834,2867,2725,2798,2758,2761,2743,2729,2688,2743,2637,2776,2568,2740,2495,2710,2462,2765,2444,2802,2407,2824,2349,2564,2320,2298,2378,1867,2491,1436,2542,1228,2623,1038,2685,962,2772,903,2886,874,3006,881,3152,980,3269,1119,3441,1436,3561,1768
PolyLine;ColorIdx=8;StartPoint=3974,1936;Points=4142,2214,4163,2086,4112,1966,4021,1863,3919,1779,3849,1776,3974,1936
PolyLine;ColorIdx=8;StartPoint=7906,4083;Points=7814,4006,7745,3912,7668,3831,7566,3773,7811,4061,7920,4218,7986,4404,8015,4383,8019,4215,7975,4142,7906,4083
PolyLine;ColorIdx=8;StartPoint=8337,3992;Points=8223,4171,8267,4204,8256,4255,8227,4313,8216,4372,8369,4054,8464,3908,8592,3791,8446,3864,8337,3992
PolyLine;ColorIdx=8;StartPoint=7993,9815;Points=8165,9366,7924,9793,7774,9990,7603,10166,7413,10315,7205,10425,6982,10498,6752,10534,6471,10531,6190,10483,6347,10553,6515,10600,6632,10633,6752,10648,7132,10571,7314,10498,7486,10399,7643,10286,7778,10144,7898,9990,7993,9815
PolyLine;ColorIdx=8;StartPoint=8848,4262;Points=8837,4817,8935,4543,8950,4262,8881,3948,8724,3649,8643,3546,8541,3462,8431,3411,8300,3397,8245,3415,8201,3448,8114,3525,8103,3514,8114,3484,8154,3422,8209,3386,8340,3327,8267,3298,8194,3305,8041,3313,7997,3305,7968,3280,7990,3254,8063,3276,8099,3280,8125,3258,8260,3086,8358,3028,8457,2988,8596,2988,8724,3035,8881,3174,8986,3357,9012,3225,8994,3101,8913,2864,8950,2878,8994,2856,9030,2813,9147,2776,9271,2791,9377,2853,9293,2834,9202,2834,9253,2893,9107,2867,9056,2875,9052,2926,9195,3189,9275,3320,9330,3462,9333,3360,9308,3262,9253,3068,9319,3116,9362,3185,9414,3342,9505,3638,9541,3948,9571,4262,9596,4886,9560,5167,9494,5445,9399,5730,9344,5854,9151,6190,8895,6485,8899,6500,8921,6500,9045,6438,9154,6376,9289,6234,9392,6080,9545,5730,9647,5365,9735,4992,9757,5080,9695,5412,9600,5730,9574,5817,9461,6088,9300,6339,9096,6526,8862,6653,8621,6770,8384,6913,8198,7092,8063,7307,7982,7559,7917,7814,7891,7793,7866,7844,7858,7906,7822,7866,7818,7825,7840,7741,7924,7333,8001,7139,8121,6967,8329,6759,8556,6569,8778,6387,8990,6186,9107,6051,9147,5967,9162,5876,9005,6040,8815,6153,8399,6328,8556,6241,8720,6168,8870,6080,8979,5952,8946,5960,8888,5989,8534,6168,8187,6354,7898,6522,7606,6708,7416,6869,7259,7066,7092,7292,7026,7413,6986,7544,7165,7380,7369,7252,7595,7165,7836,7128,7796,7165,7749,7186,7603,7216,7486,7281,7314,7442,7135,7584,6975,7741,6851,7931,6829,8048,6796,8048,6785,8077,6701,8369,6646,8512,6573,8647,6537,8669,6573,8486,6642,8304,6745,7891,6851,7482,6956,7270,7092,7073,7409,6697,7705,6409,7873,6299,8052,6204,8333,6047,8596,5865,8793,5730,8965,5587,9103,5405,9205,5164,9278,4912,9315,4656,9319,4390,9162,4755,8928,5076,8632,5346,8285,5544,8136,5628,7997,5730,7803,5967,7763,6011,7701,6033,7767,5872,7880,5730,7917,5690,7789,5730,7625,5825,7471,5945,7194,6215,7033,6412,6989,6533,6986,6664,7146,6434,7365,6263,7621,6139,7895,6069,7563,6241,7267,6464,7019,6741,6829,7062,6858,6924,6909,6799,6935,6595,6978,6471,7004,6350,6894,6522,6836,6602,6763,6672,6821,6500,6913,6336,6953,6223,6956,5730,6975,5496,7029,5266,7084,5153,7168,5051,7270,4985,7402,4963,7281,5003,7179,5069,7095,5160,7048,5273,7015,5503,7026,5730,7033,5766,7044,5730,7110,5492,7157,5379,7219,5266,7354,5167,7526,5160,7555,5189,7380,5222,7307,5270,7252,5339,7165,5525,7113,5730,7110,5810,7135,5730,7263,5518,7351,5438,7460,5376,7573,5343,7698,5339,7811,5372,7895,5449,7694,5394,7588,5390,7493,5423,7365,5507,7270,5624,7216,5730,7113,6000,7051,6281,7318,5982,7625,5730,7884,5565,8165,5412,8242,5324,8176,5350,8147,5365,8110,5361,7898,5230,7738,5142,7588,5036,7500,4923,7449,4784,7373,4503,7296,4335,7365,4383,7424,4445,7490,4609,7570,4777,7657,4872,7709,4875,7738,4835,7774,4726,7822,4715,7836,4897,7855,4981,7906,5058,8030,5175,8165,5273,8209,5160,8209,5036,8176,4788,8267,4905,8304,5040,8293,5186,8242,5324,8424,5098,8552,4835,8581,4700,8607,4554,8629,4412,8621,4262,8621,4112,8661,4262,8694,4518,8661,4780,8603,5040,8694,4861,8756,4664,8826,4262,8844,4065,8848,4262
PolyLine;ColorIdx=8;StartPoint=6628,8738;Points=6774,8570,6894,8391,6730,8537,6584,8709,6314,9074,6084,9326,5938,9414,5795,9490,5901,9490,6004,9435,6193,9300,6347,9125,6628,8738
PolyLine;ColorIdx=8;StartPoint=7552,8629;Points=7406,8833,7227,9005,7019,9132,6781,9173,6836,8932,6942,8713,6989,8629,7336,7964,7435,7833,7526,7701,7340,7880,7186,8081,6905,8519,6847,8629,6675,8997,6507,9373,6475,9439,6449,9461,6412,9465,6266,9399,6241,9395,6223,9414,6248,9465,6296,9498,6354,9530,6252,9636,6109,9698,5938,9717,5766,9698,5686,9676,5609,9687,5606,9698,5646,9742,5715,9760,5733,9793,5635,9863,5609,9896,5617,9932,5682,10012,5642,10031,5533,9969,5485,9983,5460,10031,5430,10049,5383,10042,5270,10031,5251,10063,5332,10202,5379,10345,5262,10228,5153,10107,5127,10093,5098,10104,5098,10158,5135,10209,5091,10209,5051,10184,4978,10126,4927,10133,4868,10118,4810,10115,4770,10133,4784,10272,4846,10403,5029,10633,4978,10520,4908,10407,4868,10297,4879,10242,4912,10180,5244,10458,5434,10571,5638,10662,5795,10706,5927,10746,5996,10757,6066,10743,5956,10713,5858,10677,5686,10523,5554,10334,5551,10308,5569,10301,5879,10480,6197,10626,6533,10728,6876,10772,6679,10706,6482,10662,6281,10607,6084,10527,6069,10502,6062,10476,5898,10374,5839,10315,5810,10231,5850,10224,5945,10290,6051,10337,6277,10392,6153,10304,6018,10250,5876,10195,5752,10104,5781,10074,5810,10067,5978,10147,6153,10199,6511,10242,6741,10275,6858,10283,6975,10268,6810,10235,6646,10202,6825,10133,7000,10056,7668,9698,7895,9560,8107,9384,8274,9143,8410,8881,8461,8753,8494,8629,8541,8180,8614,7800,8669,7621,8756,7460,8716,7479,8713,7424,8738,7373,8870,7165,9023,6982,9352,6621,9403,6559,9425,6482,8983,6953,8786,7208,8629,7493,8541,7573,8421,7632,8282,7720,8169,7836,8180,7847,8183,7862,7866,8190,7592,8556,7552,8629
PolyLine;ColorIdx=8;StartPoint=3152,3254;Points=3225,3247,3247,3163,3284,3108,3360,3105,3430,3134,3488,3192,3503,3280,3561,3262,3601,3211,3656,3094,3758,3185,3798,3170,3806,3127,3787,3083,3802,3039,3904,3119,3955,3156,3977,3211,3933,3254,3912,3280,3919,3313,3941,3331,3977,3335,4047,3284,4090,3214,4090,3123,4090,3032,4123,3010,4174,3010,4215,3032,4218,3075,4200,3123,4200,3167,4236,3192,4280,3189,4350,3123,4401,3039,4419,3075,4423,3123,4426,3156,4452,3152,4488,3108,4507,3054,4529,2995,4580,2955,4594,2900,4634,2882,4722,2904,4751,2886,4744,2849,4682,2780,4591,2736,4408,2667,4317,2597,4251,2502,4185,2411,4101,2334,4021,2283,3966,2221,3813,1801,3627,1403,3393,1035,3105,695,2988,637,2853,618,2692,640,2550,706,2488,735,2440,783,2309,1151,2210,1527,2170,1834,2163,2137,2137,2736,1914,2948,1710,3189,1611,3338,1575,3415,1568,3503,1604,3616,1655,3725,1757,3948,1783,3963,1801,3948,1790,3871,1779,3806,1790,3656,1801,3587,1830,3532,1922,3430,1977,3397,2031,3400,2101,3462,2163,3554,2199,3557,2210,3514,2148,3378,2144,3324,2181,3291,2331,3243,2404,3225,2466,3240,2477,3305,2455,3404,2521,3400,2707,3243,2791,3273,2864,3243,2999,3123,3043,3159,3043,3214,3065,3243,3152,3254
PolyLine;ColorIdx=8;StartPoint=5138,1615;Points=5244,2013,5321,2418,5317,2203,5277,1991,5138,1484,4941,1005,5036,1308,5138,1615
PolyLine;ColorIdx=8;StartPoint=5054,2948;Points=5058,2984,5080,3017,5120,3024,5138,2999,5014,2542,4930,2323,4806,2119,4905,2316,4974,2517,5054,2948
PolyLine;ColorIdx=8;StartPoint=4569,4229;Points=4704,4090,4832,3966,4930,3798,4970,3609,4959,3211,4934,3470,4912,3590,4868,3714,4729,3919,4580,4120,4445,4320,4339,4547,4569,4229
PolyLine;ColorIdx=8;StartPoint=4101,4770;Points=4171,4715,4204,4645,4226,4481,4189,4328,4145,4269,4072,4233,4054,4277,4134,4452,4145,4543,4131,4638,4083,4704,4061,4737,4065,4777,4101,4770
PolyLine;ColorIdx=8;StartPoint=3795,5021;Points=3787,4927,3755,4835,3692,4766,3598,4733,3605,4967,3561,5197,3609,5204,3649,5233,3685,5259,3722,5262,3765,5219,3784,5160,3795,5021
PolyLine;ColorIdx=8;StartPoint=3054,6007;Points=2944,5653,2736,5284,2513,4927,2550,4770,2604,4620,2685,4485,2787,4364,2882,4302,3002,4262,3152,4277,3484,4401,3652,4430,3828,4404,3893,4364,3941,4302,3996,4149,3955,4171,3922,4200,3886,4255,3758,4299,3623,4317,3357,4273,3181,4204,3123,4153,2871,4083,2743,4083,2626,4116,2426,4255,2232,4423,2199,4470,2199,4536,2316,4788,2433,5043,2429,5076,2407,5113,2360,5073,2301,5058,2356,5138,2422,5197,2491,5251,2553,5324,2663,5529,2685,5660,2648,5777,2586,5752,2542,5726,2754,5971,2973,6215,3043,6372,3035,6540,2970,6756,2918,6967,2973,6971,3134,6789,3247,6577,3247,6471,3203,6380,3116,6201,3054,6007
PolyLine;ColorIdx=8;StartPoint=4350,5938;Points=4401,5894,4302,5952,4328,5956,4350,5938
PolyLine;ColorIdx=8;StartPoint=4083,6555;Points=4123,6591,4163,6624,4145,6540,4090,6507,4047,6515,4083,6555
PolyLine;ColorIdx=8;StartPoint=4233,6117;Points=4196,6117,4284,6281,4514,6098,4477,6066,4357,6106,4299,6124,4233,6117
PolyLine;ColorIdx=8;StartPoint=4583,5719;Points=4434,5806,4273,5865,4339,5872,4401,5854,4510,5795,4722,5660,4905,5478,4583,5719
PolyLine;ColorIdx=8;StartPoint=4759,5898;Points=4616,5931,4561,5967,4554,6029,4587,6036,4645,6018,4686,6018,4715,6036,4744,6117,4791,6091,4857,6007,4883,5967,4923,5938,5120,5898,5317,5920,5350,5952,5387,5985,5452,5982,5507,5949,5598,5843,5595,5817,5569,5803,5522,5803,5478,5821,5401,5876,5317,5876,5222,5847,5091,5843,4948,5850,4853,5861,4759,5898
PolyLine;ColorIdx=8;StartPoint=4762,6182;Points=4784,6365,4839,6431,4923,6467,5043,6467,5149,6427,5233,6358,5295,6263,5324,6157,5321,6047,5277,5963,5189,5949,5178,5971,5193,6011,5200,6062,5182,6106,5131,6040,5105,5960,4981,5963,4875,6040,4780,6142,4762,6182
PolyLine;ColorIdx=8;StartPoint=4755,6504;Points=4613,6409,4547,6369,4477,6347,4408,6372,4309,6391,4277,6423,4529,6599,4656,6672,4795,6723,5054,6708,5306,6639,5372,6624,5401,6606,5416,6569,5240,6610,5153,6621,5069,6599,5273,6511,5372,6453,5452,6376,5460,6409,5441,6438,5397,6500,5463,6475,5511,6431,5595,6325,5628,6204,5708,6117,5733,6077,5708,6047,5646,6044,5576,6062,5430,6124,5430,6153,5445,6182,5343,6361,5175,6482,4967,6533,4755,6504
PolyLine;ColorIdx=8;StartPoint=5251,6909;Points=5397,6843,5522,6745,5733,6504,5733,6475,5704,6453,5635,6449,5244,6789,5178,6829,5098,6843,4817,6843,4682,6872,4554,6927,4561,6953,4711,6931,4857,6946,5146,6956,5251,6909
PolyLine;ColorIdx=8;StartPoint=6029,7497;Points=6047,7559,6084,7614,6066,7497,6091,7384,6157,7183,6201,6975,6292,6559,6288,6423,6186,6851,6113,7059,6018,7263,6011,7373,6029,7497
PolyLine;ColorIdx=8;StartPoint=5277,7822;Points=5401,7811,5511,7767,5701,7617,5741,7544,5741,7511,5708,7504,5511,7544,5321,7552,5127,7526,4937,7464,4901,7475,4872,7511,4864,7533,4879,7548,4905,7570,4821,7676,4696,7723,4415,7767,4368,7789,4397,7814,4445,7847,4477,7906,4722,7920,4956,7887,5036,7822,5120,7763,5189,7785,5277,7822
PolyLine;ColorIdx=8;StartPoint=498,5909;Points=498,5909,611,6000,691,6128,695,6245,706,6350,746,6442,753,6533,710,6715,706,6799,721,6887,735,7132,724,7373,732,7548,775,7720,925,7990,1027,8099,1155,8183,1144,8110,1002,7803,969,7650,976,7570,1013,7490,1002,7373,929,6865,808,6365,794,6139,808,5909,808,5883,761,5763,655,5668,629,5620,582,5584,542,5576,461,5617,304,5766,432,5595,520,5540,622,5536,742,5587,834,5675,958,5909,991,5993,1086,6186,1173,6387,1203,6664,1330,7373,1359,7511,1385,7814,1370,8128,1374,8431,1451,8724,1502,8793,1597,8826,1516,8603,1622,8844,1622,8844,1633,8859,1739,8965,1867,9059,1816,8946,1761,8844,1761,8844,1754,8826,1659,8245,1604,7672,1615,7544,1608,7424,1582,7373,1513,7252,1454,7117,1436,6989,1407,6862,1286,6639,1272,6613,1232,6482,1213,6343,1170,6062,1144,5978,1093,5909,1067,5890,958,5795,794,5540,600,5314,425,5149,242,4996,177,4985,125,5021,41,5146,1,5149,1,5091,27,5043,107,4970,180,4927,264,4934,377,5018,480,5124,582,5222,699,5299,691,5226,735,5138,794,5054,837,4974,837,4894,783,4824,688,4795,582,4770,491,4722,600,4711,706,4740,808,4777,918,4788,914,4726,932,4667,987,4576,1056,4503,1115,4426,1140,4335,1075,3974,1049,3791,1064,3598,1173,2970,1272,2604,1531,2017,1827,1443,2035,1137,2269,837,2473,509,2688,191,2791,89,2904,34,3320,1,3525,27,3722,100,4079,293,4821,669,5182,881,5533,1129,5679,1297,5792,1495,5901,1637,6036,1750,6171,1860,6299,1987,6559,2353,6821,2718,6887,2853,6946,2970,7004,3086,7081,3013,7179,2970,7249,2959,7303,2970,7438,3028,7497,3061,7552,3108,7687,3236,7785,3386,8132,3919,8172,4014,8176,4112,8004,3886,7913,3780,7803,3682,7738,3674,7694,3663,7661,3441,7643,3338,7599,3240,7471,3086,7387,3035,7292,3013,7230,3028,7176,3065,7095,3192,7062,3309,7066,3422,7135,3784,7176,3963,7241,4134,7252,4174,7227,4207,7197,4182,7186,4218,7172,4244,7128,4244,7110,4277,7219,4543,7325,4810,7329,4886,7314,4912,7281,4908,7205,4843,7146,4759,7051,4576,6931,5091,6880,5197,6883,5266,6894,5343,6840,5164,6840,4974,6858,4594,6840,4295,6708,3813,6639,3572,6588,3327,6628,3360,6646,3408,6807,3758,6909,3915,7044,4054,6942,3506,6778,2970,6774,2962,6639,2645,6471,2349,6259,2082,6000,1856,6040,2002,6095,2144,6255,2553,6398,2970,6478,3298,6500,3638,6438,3302,6358,2970,6212,2604,5675,1513,5558,1305,5405,1126,5233,976,5043,841,4627,618,4200,428,3663,206,3415,169,3203,202,3002,242,2834,326,2699,439,2444,721,2225,1024,2035,1323,1951,1546,1889,1776,1779,2239,1659,2608,1535,2970,1498,3200,1469,3733,1484,4255,1527,4412,1644,4547,1692,4583,1725,4638,1739,4678,1728,4693,1611,4591,1506,4474,1363,4200,1349,4211,1330,3145,1345,2970,1370,2904,1557,2521,1706,2123,1761,1951,1768,1768,1367,2579,1279,2772,1235,2970,1159,3656,1140,3839,1173,4010,1232,4189,1265,4364,1283,4733,1279,5102,1316,5474,1338,5617,1367,5682,1411,5737,1418,5664,1436,5602,1498,5591,1531,5653,1527,5774,1498,5898,1495,5909,1520,5993,1553,6088,1538,6109,1535,6117,1611,6139,1681,6150,1736,6131,1768,6098,1728,6073,1681,6033,1801,6066,1852,6069,1878,6029,1867,6011,1830,6011,1757,5993,1757,5974,1783,5963,1816,5934,1805,5909,1962,5909,2185,6000,2415,6077,2437,6146,2250,6164,2090,6255,2126,6281,2093,6307,2046,6321,1947,6420,1827,6500,2002,6639,2101,6683,2298,6752,2393,6763,2484,6734,2364,6701,2258,6639,2192,6562,2152,6460,2155,6339,2207,6230,2305,6168,2422,6190,2411,6237,2462,6314,2491,6325,2524,6303,2510,6245,2444,6193,2477,6179,2513,6186,2583,6212,2575,6193,2564,6157,2590,6153,2604,6146,2546,6044,2473,5941,2623,6022,2758,6120,2973,6372,2984,6391,2959,6402,2908,6402,2856,6423,2813,6445,2772,6449,2725,6383,2685,6292,2601,6212,2601,6252,2619,6277,2659,6328,2667,6489,2612,6632,2608,6639,2513,6715,2568,6719,2604,6675,2641,6639,2721,6555,2816,6485,2875,6471,2853,6569,2780,6639,2707,6690,2561,6770,2389,6799,2217,6767,2046,6745,2174,6829,2312,6858,2601,6810,2710,6737,2805,6639,2929,6551,2864,6639,2732,6781,2590,6909,2389,6986,2371,7019,2374,7070,2429,7106,2499,7128,2579,7121,2670,7092,2645,7132,2612,7150,2531,7183,2360,7219,2276,7212,2196,7183,2057,7084,1936,7019,1885,6975,1856,6905,2028,7044,2068,7015,2101,7000,2108,6956,2075,6913,1973,6854,1637,6668,1626,6639,1641,6588,1597,6500,1670,6548,1703,6562,1746,6555,1823,6464,1856,6350,1809,6361,1779,6398,1757,6434,1728,6431,1637,6354,1535,6281,1509,6456,1524,6639,1524,6745,1535,6924,1527,7084,1582,7230,1677,7373,1823,7522,1991,7632,2112,7683,2250,7687,2327,7636,2407,7595,2415,7621,2371,7679,2364,7701,2389,7716,2433,7694,2466,7687,2466,7738,2433,7778,2349,7855,2451,7884,2553,7862,2743,7818,2714,7931,2634,8008,2415,8110,2327,8121,2236,8107,2046,8048,1998,8081,1947,8099,1838,8001,1765,7866,1673,7573,1663,7734,1677,7891,1728,8030,1834,8150,1936,8223,2050,8274,2214,8326,2334,8347,2455,8344,2316,8373,2177,8358,1907,8274,1812,8234,1739,8169,1765,8304,1845,8428,1955,8526,2082,8607,2261,8672,2433,8738,2444,8756,2404,8767,2301,8764,1995,8651,1867,8559,1757,8439,1736,8457,1732,8483,1882,8680,2082,8808,2181,8844,2181,8844,2502,8979,2426,9023,2334,9001,2144,8910,2130,8928,2130,8957,2192,9016,2272,9052,2433,9111,2575,9195,2699,9278,2834,9348,2714,9341,2604,9304,2499,9235,2221,9129,2086,9067,1962,8979,2126,9173,2331,9322,2564,9417,2816,9465,2827,9501,2831,9519,2853,9519,2886,9487,2911,9498,2911,9549,2889,9596,2802,9673,2714,9713,2623,9728,2437,9698,2426,9728,2320,9691,2269,9680,2236,9695,2217,9749,2239,9801,2290,9837,2360,9852,2550,9830,2729,9786,2900,9702,3039,9582,3152,9611,2984,9892,2875,10020,2743,10122,2849,10129,2940,10100,3116,10009,3065,10096,2999,10173,2845,10312,2834,10326,2970,10312,3152,10312,3276,10366,3338,10374,3404,10356,3364,10312,3342,10264,3346,10209,3408,10283,3448,10301,3492,10297,3550,10253,3594,10180,3638,10115,3707,10063,3711,10089,3769,10027,3795,10023,3820,10053,3839,10177,3846,10312,3860,10345,3875,10312,3926,10144,3948,10067,3988,9998,4017,9987,4025,10023,4039,10104,4065,10093,4083,10056,4109,10027,4153,10034,4105,10173,4105,10312,4178,10531,4291,10732,4288,10312,4309,10085,4386,10089,4434,10089,4448,10144,4437,10202,4386,10312,4361,10392,4357,10607,4408,10816,4529,11020,4634,11133,4748,11228,4696,11137,4634,11049,4536,10688,4525,10312,4547,10151,4580,10151,4664,10312,4861,10618,5010,10801,5197,10943,5697,11217,5401,11137,5138,10994,4901,10805,4700,10578,4664,10677,4660,10772,4722,10947,4952,11265,4857,11203,4773,11119,4642,10929,4675,11046,4740,11155,4919,11334,5054,11440,5215,11506,5554,11575,5500,11611,5445,11615,5339,11590,5138,11535,4948,11454,4777,11341,4623,11206,4686,11305,4766,11389,4948,11538,4952,11575,4740,11436,4565,11250,4426,11035,4331,10801,4222,10706,4145,10586,4083,10454,4047,10312,4036,10239,3988,10312,3937,10476,3926,10567,3941,10666,3959,10856,3897,10739,3864,10607,3842,10476,3802,10345,3634,10374,3481,10432,3320,10513,3159,10600,3010,10633,2856,10618,2765,10607,2721,10593,2688,10556,2922,10571,3152,10538,2926,10494,2707,10472,2349,10487,2177,10447,2039,10334,2174,10403,2320,10447,2466,10447,2612,10392,2499,10312,2371,10180,2236,10217,2108,10217,1980,10180,1871,10107,1878,10093,1893,10089,1768,10001,1663,9899,1630,9983,1633,10074,1703,10257,1739,10312,1896,10472,2082,10586,2553,10805,2798,10874,3057,10892,3229,10856,3386,10783,3517,10670,3609,10513,3630,10483,3663,10483,3671,10523,3667,10567,3696,10578,3722,10827,3828,11046,3992,11232,4185,11381,4127,11265,4050,11155,3985,11038,3970,10910,3988,10900,4003,10910,4142,11137,4302,11338,4383,11363,4554,11462,4748,11535,4609,11513,4466,11476,4729,11630,5021,11710,5332,11728,5638,11688,5784,11641,5912,11571,6036,11498,5938,11604,6171,11582,6394,11498,6602,11381,6792,11235,6445,11297,6277,11316,6102,11294,6270,11290,6566,11239,6843,11122,6975,11031,7092,10918,7223,10743,7351,10567,7336,10670,7300,10753,7190,10914,6913,11199,6796,11334,6664,11451,6518,11538,6354,11601,6113,11652,5872,11677,5708,11728,5544,11779,5273,11798,5003,11790,4740,11739,4496,11626,4215,11487,4025,11374,3868,11210,3747,11024,3660,10816,3627,10596,3462,10775,3364,10845,3251,10900,2970,10951,2688,10940,2415,10863,2155,10743,1889,10553,1772,10440,1677,10312,1579,10074,1564,9943,1575,9801,1527,9742,1440,9676,1367,9556,1327,9498,1279,9454,1093,9348,932,9209,805,9041,732,8844,732,8844,724,8709,768,8844,768,8844,805,8972,878,9085,1035,9224,1119,9282,1224,9311,1119,9063,969,8844,969,8844,929,8808,976,8804,1020,8829,1035,8844,1035,8844,1122,8954,1188,9078,1327,9326,1389,9373,1465,9395,1626,9388,1484,9275,1363,9143,1159,8844,1159,8844,1137,8808,1042,8738,958,8683,962,8669,987,8669,1024,8661,976,8621,907,8599,673,8541,560,8501,461,8439,315,8282,140,7990,89,7829,74,7665,100,7515,155,7373,239,7128,330,6653,337,6529,290,6420,133,6219,147,6179,286,6299,370,6445,396,6621,359,6807,359,6894,315,7135,253,7373,206,7599,184,7825,217,7957,286,8070,385,8172,505,8256,669,8344,848,8377,1013,8373,1177,8395,1283,8475,1283,8410,1254,8355,1148,8289,819,8165,677,8074,549,7942,505,7855,483,7767,469,7584,469,7373,476,7099,443,6829,498,7099,505,7373,512,7508,516,7665,560,7822,648,7939,757,8034,845,8081,947,8117,812,7909,746,7803,695,7690,666,7533,659,7373,706,6956,651,6862,648,6759,706,6548,688,6464,633,6387,607,6310,607,6219,600,6135,564,6051,502,5978,421,5949,180,5971,235,5909,366,5879,498,5909
PolyLine;ColorIdx=8;StartPoint=1805,5909;Points=1732,5770,1633,5653,1721,5719,1809,5777,2028,5777,2039,5806,1827,5828,1962,5909,1805,5909
PolyLine;ColorIdx=8;StartPoint=2970,10312;Points=3134,10217,3221,10166,3309,10140,3305,10202,3262,10246,3141,10308,3152,10312,2970,10312