PolyLine;ColorIdx=8;StartPoint=542,6476;Points=534,6489,550,6507,581,6524,659,6539,684,6547,736,6554,1144,6647,1248,6679,1504,6742,1552,6757,1631,6774,1676,6789,1832,6820,1958,6851,1974,6861,2005,6861,2113,6892,2217,6914,2262,6912,2122,6876,2030,6846,1951,6828,1937,6820,1732,6774,1640,6742,1529,6726,1483,6711,1404,6696,1342,6662,1113,6601,951,6569,902,6554,644,6501,589,6486,575,6476,542,6476
PolyLine;ColorIdx=8;StartPoint=481,6072;Points=465,6081,440,6087,419,6108,411,6112,404,6130,404,6255,413,6303,421,6396,430,6639,442,6870,451,6910,453,6914,458,6912,467,6899,481,6892,566,6892,576,6896,577,6878,577,6729,575,6716,571,6719,566,6719,543,6716,521,6707,509,6691,509,6681,518,6677,548,6677,605,6688,856,6742,876,6748,875,6749,870,6750,871,6751,951,6767,1060,6797,1152,6813,1170,6821,1190,6828,1317,6861,1442,6882,1450,6885,1449,6886,1448,6886,1457,6892,1577,6924,1843,6976,1894,6992,1922,7001,1989,7008,2122,7038,2169,7056,2269,7071,2312,7082,2315,7083,2311,7082,2299,7080,2288,7078,2282,7077,2284,7078,2330,7091,2385,7096,2391,7101,2401,7107,2510,7123,2734,7169,2786,7174,2813,7176,2820,7178,2820,7180,2844,7184,3089,7184,3252,7169,3347,7147,3354,7142,3354,7138,3343,7127,3311,7084,3298,7080,3284,7076,3261,7051,3221,7019,3191,7004,3158,6998,3163,6998,3164,6997,3151,6988,2971,6911,2931,6898,2908,6895,2855,6886,2824,6872,2808,6865,2712,6841,2020,6688,1964,6675,1958,6672,1960,6672,1974,6673,1976,6674,1974,6673,1880,6656,1708,6610,1695,6605,1695,6603,1695,6601,1676,6595,1450,6547,1412,6533,1395,6524,1376,6524,1333,6518,1052,6441,627,6335,573,6326,570,6329,566,6329,545,6322,534,6314,518,6296,518,6287,528,6282,553,6295,567,6295,575,6277,564,6181,545,6091,539,6074,537,6072,530,6076,481,6072
PolyLine;ColorIdx=8;StartPoint=1951,10836;Points=1928,10840,1931,10872,1943,10891,1974,10891,1999,10868,2013,10843,2005,10836,1951,10836
PolyLine;ColorIdx=8;StartPoint=2388,10790;Points=2362,10802,2450,10853,2488,10853,2493,10847,2500,10794,2388,10790
PolyLine;ColorIdx=8;StartPoint=2121,10532;Points=2113,10533,2105,10538,2096,10580,2186,10564,2186,10528,2121,10532
PolyLine;ColorIdx=8;StartPoint=2085,10399;Points=2041,10433,2174,10433,2169,10419,2158,10399,2085,10399
PolyLine;ColorIdx=8;StartPoint=2129,10327;Points=2111,10336,2097,10349,2097,10359,2092,10366,2065,10368,2036,10370,2020,10378,2012,10386,2005,10398,2001,10407,1996,10411,1993,10417,1992,10437,1993,10456,1993,10461,1999,10462,2009,10465,2036,10468,2103,10469,2169,10468,2186,10465,2191,10462,2204,10455,2217,10446,2219,10442,2223,10437,2235,10439,2242,10439,2247,10433,2254,10406,2250,10378,2244,10365,2235,10356,2223,10346,2206,10338,2188,10333,2169,10327,2149,10324,2129,10327
PolyLine;ColorIdx=8;StartPoint=2060,10212;Points=2026,10228,1999,10242,1989,10251,1983,10258,1973,10263,1951,10277,1909,10316,1865,10359,1843,10383,1827,10411,1803,10457,1783,10502,1778,10528,1781,10542,1790,10548,1802,10542,1806,10530,1808,10519,1815,10514,1823,10513,1829,10514,1836,10519,1845,10528,1852,10542,1853,10566,1852,10597,1857,10642,1862,10683,1864,10689,1865,10687,1865,10685,1867,10689,1871,10733,1875,10758,1883,10777,1897,10787,1915,10787,1943,10781,1949,10777,1958,10775,2004,10777,2050,10777,2059,10771,2059,10763,2054,10747,2059,10739,2068,10738,2083,10747,2096,10763,2102,10776,2096,10800,2056,10846,2017,10887,2008,10894,2008,10892,2005,10894,1989,10912,1976,10935,1974,10954,1976,10971,1987,10987,1993,10996,1998,10999,2001,11003,2008,11020,2017,11045,2030,11066,2045,11084,2057,11095,2063,11096,2068,11091,2071,11063,2071,11034,2075,11028,2079,11028,2081,11020,2085,11013,2110,11011,2126,11008,2140,11000,2152,10967,2158,10925,2159,10888,2158,10847,2148,10788,2146,10738,2151,10726,2160,10731,2178,10747,2185,10763,2187,10777,2191,10778,2194,10784,2201,10813,2211,10847,2226,10881,2242,10918,2255,10960,2267,11003,2271,11056,2279,11096,2288,11108,2293,11108,2311,11094,2330,11065,2344,11034,2353,11027,2359,11019,2362,10985,2366,10949,2378,10932,2394,10925,2403,10926,2412,10941,2422,10977,2434,11013,2443,11020,2452,11020,2465,11009,2472,10987,2475,10966,2480,10962,2485,10957,2488,10929,2481,10899,2471,10892,2455,10890,2426,10885,2401,10868,2378,10853,2352,10843,2331,10836,2328,10833,2326,10828,2306,10819,2284,10807,2269,10796,2260,10784,2256,10764,2256,10747,2261,10740,2267,10738,2267,10726,2269,10714,2281,10714,2294,10718,2303,10728,2311,10740,2320,10745,2331,10744,2339,10737,2346,10727,2358,10723,2372,10718,2382,10715,2394,10718,2405,10732,2418,10744,2430,10745,2441,10740,2447,10736,2456,10727,2480,10723,2493,10718,2503,10709,2509,10677,2506,10643,2504,10621,2500,10605,2495,10600,2491,10597,2488,10585,2485,10565,2469,10532,2453,10502,2448,10497,2444,10496,2439,10482,2427,10465,2412,10450,2396,10433,2395,10421,2376,10393,2290,10305,2194,10221,2167,10207,2147,10206,2113,10212,2060,10212
PolyLine;ColorIdx=8;StartPoint=3014,9966;Points=2963,9985,2959,10011,3055,10137,3061,10158,3082,10158,3079,10088,3064,10027,3031,9969,3019,9964,3014,9966
PolyLine;ColorIdx=8;StartPoint=2823,9745;Points=2797,9763,2797,9855,2808,9873,2855,9897,2895,9897,2920,9855,2920,9812,2902,9794,2882,9745,2823,9745
PolyLine;ColorIdx=8;StartPoint=1029,9695;Points=1017,9704,1001,9745,997,9782,1021,9777,1060,9733,1063,9697,1029,9695
PolyLine;ColorIdx=8;StartPoint=3310,9683;Points=3298,9697,3298,9729,3361,9767,3369,9777,3421,9810,3443,9806,3380,9717,3364,9710,3343,9679,3310,9683
PolyLine;ColorIdx=8;StartPoint=3041,9537;Points=2931,9656,2920,9704,3021,9685,3063,9662,3087,9602,3080,9537,3041,9537
PolyLine;ColorIdx=8;StartPoint=3421,9328;Points=3424,9385,3437,9401,3500,9420,3521,9435,3545,9443,3568,9440,3536,9388,3521,9371,3500,9365,3458,9334,3421,9328
PolyLine;ColorIdx=8;StartPoint=831,9334;Points=816,9343,803,9376,800,9401,831,9397,860,9369,856,9334,831,9334
PolyLine;ColorIdx=8;StartPoint=2920,9321;Points=2907,9337,2844,9469,2829,9485,2812,9516,2742,9603,2641,9704,2577,9798,2577,9844,2610,9903,2626,9953,2647,9979,2670,9992,2691,9996,2688,9939,2665,9903,2657,9861,2647,9844,2650,9798,2688,9745,2757,9683,2775,9657,2797,9641,2807,9625,2844,9594,2851,9579,2875,9556,2914,9485,2923,9478,2929,9453,2939,9447,2976,9352,2973,9319,2920,9321
PolyLine;ColorIdx=8;StartPoint=2670,9287;Points=2657,9296,2531,9611,2460,9844,2456,9876,2512,9873,2535,9897,2561,9903,2538,9838,2538,9798,2550,9760,2562,9753,2569,9735,2657,9641,2688,9619,2775,9510,2797,9469,2812,9453,2835,9401,2844,9390,2851,9352,2859,9337,2859,9321,2848,9309,2722,9293,2708,9287,2670,9287
PolyLine;ColorIdx=8;StartPoint=863,8886;Points=787,8898,791,8921,800,8928,856,8935,871,8943,902,8949,909,8959,941,8973,971,9006,1031,9108,1063,9212,1068,9218,1101,9321,1126,9385,1173,9469,1203,9510,1235,9563,1251,9603,1251,9688,1235,9720,1239,9763,1266,9760,1273,9735,1283,9729,1291,9697,1329,9651,1329,9594,1320,9587,1314,9563,1287,9541,1257,9500,1226,9478,1203,9437,1178,9415,1173,9390,1164,9385,1157,9359,1148,9352,1132,9306,1126,9266,1116,9250,1101,9196,1094,9123,1085,9108,1079,9046,1063,8993,988,8911,919,8886,863,8886
PolyLine;ColorIdx=8;StartPoint=752,8745;Points=749,8775,766,8826,778,8851,957,8853,953,8789,945,8781,938,8757,925,8745,752,8745
PolyLine;ColorIdx=8;StartPoint=1781,8691;Points=1776,8699,1768,8712,1752,8755,1736,8804,1727,8838,1720,8874,1715,8924,1712,8976,1710,9032,1712,9094,1717,9172,1727,9258,1742,9356,1757,9437,1765,9464,1771,9469,1789,9485,1804,9500,1811,9512,1820,9532,1852,9566,1883,9603,1900,9630,1915,9657,1934,9703,1947,9753,1950,9777,1939,9822,1900,9951,1862,10088,1855,10177,1862,10235,1865,10260,1874,10266,1885,10272,1904,10264,1953,10234,1999,10200,2009,10190,2013,10186,2036,10175,2068,10164,2117,10162,2160,10164,2175,10167,2184,10170,2197,10175,2217,10186,2248,10215,2279,10242,2299,10254,2305,10254,2311,10246,2308,10212,2305,10158,2311,10074,2319,9996,2322,9983,2326,9984,2328,9983,2328,9964,2321,9850,2313,9735,2307,9704,2305,9697,2301,9675,2305,9657,2316,9648,2331,9653,2346,9669,2362,9695,2383,9733,2403,9769,2415,9782,2426,9777,2427,9749,2427,9720,2431,9702,2439,9671,2440,9611,2444,9524,2465,9407,2485,9296,2499,9249,2500,9236,2491,9218,2466,9199,2430,9181,2369,9157,2343,9147,2331,9146,2326,9140,2316,9132,2283,9115,2254,9100,2249,9095,2247,9090,2228,9079,2206,9069,2205,9064,2200,9058,2179,9037,2165,9027,2151,9031,2145,9044,2143,9062,2147,9108,2154,9179,2162,9243,2172,9267,2178,9281,2179,9312,2175,9337,2172,9340,2169,9337,2162,9321,2160,9309,2158,9290,2146,9258,2133,9229,2126,9218,2120,9218,2117,9219,2110,9229,2103,9251,2096,9275,2085,9288,2073,9290,2069,9279,2071,9266,2075,9255,2079,9243,2083,9218,2085,9196,2090,9187,2096,9181,2097,9168,2101,9157,2107,9161,2109,9162,2110,9151,2108,9071,2101,8993,2102,8981,2104,8981,2085,8968,1995,8889,1898,8804,1859,8762,1836,8733,1810,8708,1787,8686,1781,8691
PolyLine;ColorIdx=8;StartPoint=1169,8637;Points=1163,8648,1152,8657,1140,8667,1129,8676,1129,8681,1123,8688,1094,8710,1060,8730,1034,8739,1014,8745,996,8740,991,8740,988,8749,991,8790,1001,8836,1005,8866,1017,8889,1034,8906,1054,8921,1075,8946,1094,8968,1104,8981,1110,9000,1118,9040,1126,9078,1129,9083,1129,9081,1130,9079,1132,9088,1139,9143,1148,9204,1157,9228,1164,9243,1171,9277,1178,9313,1187,9336,1195,9352,1202,9364,1210,9376,1213,9390,1226,9415,1277,9472,1329,9524,1341,9545,1346,9556,1361,9574,1375,9594,1380,9609,1375,9625,1361,9657,1346,9688,1331,9704,1331,9710,1342,9720,1411,9745,1483,9763,1507,9768,1520,9763,1551,9747,1581,9733,1613,9729,1640,9733,1655,9733,1669,9741,1694,9766,1717,9788,1731,9800,1736,9800,1739,9792,1742,9754,1736,9704,1721,9648,1706,9603,1700,9594,1696,9594,1693,9579,1689,9563,1686,9560,1680,9556,1676,9544,1673,9532,1668,9524,1664,9516,1661,9500,1657,9485,1650,9464,1643,9447,1637,9442,1632,9437,1631,9419,1628,9401,1622,9394,1617,9390,1615,9379,1611,9369,1606,9366,1600,9359,1591,9328,1580,9296,1574,9290,1570,9290,1570,9279,1565,9266,1560,9264,1555,9258,1546,9230,1535,9196,1519,9174,1508,9157,1503,9134,1501,9119,1496,9111,1493,9108,1489,9097,1485,9088,1483,9087,1476,9078,1461,9032,1445,8983,1440,8960,1438,8947,1434,8943,1432,8937,1423,8918,1414,8874,1411,8761,1407,8655,1405,8640,1404,8637,1399,8649,1393,8649,1385,8665,1355,8714,1329,8775,1318,8825,1314,8874,1312,8924,1314,8968,1321,8988,1329,9010,1337,9050,1346,9088,1347,9093,1348,9089,1349,9088,1350,9094,1363,9132,1385,9187,1412,9254,1434,9313,1434,9325,1427,9321,1411,9309,1404,9305,1399,9296,1394,9283,1388,9270,1376,9267,1363,9270,1353,9287,1342,9304,1328,9311,1317,9306,1315,9285,1320,9266,1324,9261,1329,9258,1333,9244,1335,9229,1340,9219,1346,9212,1348,9204,1346,9187,1330,9143,1314,9103,1311,9098,1308,9102,1306,9104,1303,9094,1287,9024,1273,8947,1271,8899,1273,8868,1277,8844,1283,8826,1285,8813,1283,8796,1267,8763,1251,8733,1245,8727,1241,8727,1239,8716,1235,8703,1231,8700,1226,8694,1215,8676,1203,8655,1189,8643,1176,8634,1169,8637
PolyLine;ColorIdx=8;StartPoint=768,8620;Points=749,8634,749,8679,761,8694,847,8712,844,8655,833,8634,816,8620,768,8620
PolyLine;ColorIdx=8;StartPoint=747,8496;Points=716,8499,720,8539,724,8544,736,8583,794,8583,798,8556,782,8507,768,8496,747,8496
PolyLine;ColorIdx=8;StartPoint=1499,8270;Points=1476,8289,1461,8405,1453,8499,1457,8544,1561,8520,1651,8507,1657,8482,1649,8476,1611,8405,1600,8398,1595,8368,1585,8358,1580,8335,1548,8279,1535,8270,1499,8270
PolyLine;ColorIdx=8;StartPoint=810,8058;Points=717,8137,702,8200,750,8208,755,8175,779,8126,828,8077,819,8053,810,8058
PolyLine;ColorIdx=8;StartPoint=946,4442;Points=915,4325,865,4286,835,4325,864,4344,896,4386,919,4449,946,4453,946,4442
PolyLine;ColorIdx=8;StartPoint=3399,4327;Points=3466,4226,3463,4162,3413,4166,3419,4203,3408,4253,3375,4313,3392,4336,3399,4327
PolyLine;ColorIdx=8;StartPoint=925,7834;Points=928,7904,975,8132,1022,8240,1031,8248,1126,8405,1140,8451,1178,8514,1195,8571,1285,8724,1311,8721,1342,8667,1379,8616,1411,8586,1423,8493,1423,8304,1392,8263,1375,8211,1363,8198,1342,8190,1299,8160,1270,8144,1123,8018,1092,7978,1067,7963,1043,7931,982,7868,941,7837,925,7834
PolyLine;ColorIdx=8;StartPoint=391,7167;Points=404,7293,407,7298,408,7298,408,7289,409,7285,414,7302,453,7560,455,7575,455,7570,455,7561,458,7569,485,7741,487,7751,488,7746,490,7741,491,7746,505,7873,515,7913,516,7914,516,7912,517,7911,521,7919,551,8039,577,8101,609,8154,640,8225,673,8282,702,8342,714,8400,720,8445,724,8458,732,8459,752,8463,761,8457,800,8457,807,8455,812,8467,844,8577,858,8608,879,8627,907,8634,941,8630,989,8616,1034,8598,1060,8577,1075,8558,1092,8552,1106,8526,1116,8499,1110,8467,1105,8463,1101,8459,1103,8452,1094,8430,1017,8295,1009,8285,1005,8285,1005,8289,1001,8263,975,8240,969,8216,959,8201,953,8169,948,8165,945,8162,938,8132,934,8129,928,8123,913,8053,906,7966,903,7959,901,7962,899,7964,896,7959,890,7896,883,7866,875,7809,871,7806,867,7804,865,7783,860,7757,819,7692,755,7621,748,7610,749,7606,740,7599,724,7575,720,7551,686,7497,681,7491,677,7490,671,7464,669,7464,663,7459,632,7395,625,7371,619,7369,614,7365,609,7317,603,7312,600,7308,593,7278,585,7260,560,7173,391,7167
PolyLine;ColorIdx=8;StartPoint=1450,6933;Points=1437,6979,1423,7043,1406,7158,1392,7293,1389,7425,1392,7537,1392,7593,1399,7647,1418,7770,1438,7881,1442,7894,1440,7886,1439,7877,1445,7888,1475,7991,1508,8101,1526,8139,1539,8154,1547,8161,1555,8169,1560,8199,1570,8240,1595,8302,1628,8368,1657,8424,1689,8476,1717,8520,1751,8571,1806,8643,1877,8727,1973,8825,2064,8914,2123,8964,2162,8993,2181,9004,2191,9006,2201,9019,2223,9037,2263,9064,2326,9100,2430,9151,2527,9193,2551,9199,2552,9198,2561,9199,2600,9215,2644,9231,2680,9241,2708,9247,2710,9249,2709,9251,2722,9255,2784,9268,2872,9279,2991,9277,3098,9270,3151,9266,3175,9258,3184,9253,3170,9247,3147,9248,3091,9247,2954,9232,2817,9216,2766,9206,2740,9199,2693,9187,2644,9168,2583,9140,2535,9115,2527,9108,2527,9106,2523,9107,2503,9100,2456,9070,2403,9037,2353,9011,2316,8989,2305,8980,2301,8973,2289,8968,2269,8959,2238,8936,2206,8911,2194,8893,2184,8880,2169,8873,2154,8865,2134,8851,2113,8833,2100,8814,2084,8793,2051,8767,2020,8742,2001,8718,1989,8699,1981,8692,1974,8688,1960,8672,1943,8653,1926,8640,1913,8627,1900,8608,1889,8589,1875,8579,1849,8556,1790,8477,1732,8401,1715,8384,1712,8382,1707,8366,1706,8352,1701,8347,1696,8342,1694,8335,1689,8320,1668,8284,1649,8248,1643,8230,1643,8216,1635,8196,1628,8179,1622,8176,1617,8169,1606,8130,1595,8090,1592,8086,1591,8090,1589,8091,1585,8085,1574,8035,1565,7982,1559,7966,1555,7959,1552,7939,1548,7919,1544,7911,1539,7904,1535,7887,1535,7873,1528,7876,1526,7877,1522,7866,1512,7796,1501,7726,1499,7716,1496,7722,1495,7725,1493,7715,1484,7665,1476,7569,1474,7374,1476,7193,1481,7153,1484,7157,1485,7152,1489,7113,1493,7074,1500,7044,1508,7020,1513,7012,1516,7005,1520,6982,1516,6958,1504,6947,1489,6942,1450,6933
PolyLine;ColorIdx=8;StartPoint=638,6735;Points=632,6736,625,6737,617,6732,612,6738,612,6771,613,6812,614,6852,614,6885,612,6897,609,6899,602,6905,600,6912,595,6915,589,6920,586,6920,581,6927,580,6954,579,6990,577,7024,577,7052,579,7058,581,7056,582,7052,585,7059,590,7093,600,7137,609,7177,614,7215,622,7242,632,7266,638,7291,647,7317,662,7353,677,7390,694,7429,710,7464,724,7491,741,7517,754,7542,772,7569,801,7607,833,7650,865,7691,896,7732,927,7764,959,7796,992,7828,1022,7856,1040,7877,1054,7893,1068,7911,1085,7928,1101,7946,1116,7960,1131,7976,1148,7991,1165,8007,1184,8023,1202,8040,1219,8053,1234,8062,1244,8068,1254,8077,1266,8085,1282,8098,1296,8111,1312,8124,1325,8136,1335,8139,1342,8143,1349,8148,1357,8150,1360,8152,1361,8155,1361,8157,1363,8160,1369,8162,1375,8162,1380,8164,1388,8165,1408,8165,1432,8164,1453,8163,1472,8162,1480,8158,1482,8151,1485,8148,1489,8141,1487,8137,1483,8132,1480,8128,1476,8123,1472,8112,1469,8100,1464,8087,1461,8075,1458,8065,1457,8056,1456,8047,1453,8039,1451,8035,1449,8033,1446,8032,1445,8028,1443,8021,1442,8009,1440,8000,1438,7991,1436,7989,1434,7986,1432,7988,1432,7982,1424,7962,1418,7934,1412,7908,1407,7888,1405,7881,1402,7881,1400,7879,1399,7873,1397,7856,1395,7837,1393,7819,1392,7804,1389,7796,1387,7787,1386,7780,1385,7772,1380,7759,1379,7745,1376,7729,1375,7715,1373,7711,1372,7711,1369,7715,1366,7709,1362,7676,1359,7634,1354,7600,1350,7560,1350,7499,1350,7431,1350,7361,1350,7302,1353,7280,1356,7270,1359,7255,1361,7240,1361,7215,1361,7187,1360,7164,1361,7137,1363,7101,1368,7063,1373,7023,1375,6990,1375,6969,1375,6953,1375,6934,1375,6917,1373,6912,1369,6912,1368,6910,1363,6908,1347,6903,1324,6899,1302,6896,1285,6892,1279,6888,1277,6886,1282,6886,1270,6882,1214,6867,1140,6851,1069,6834,1014,6820,994,6813,989,6812,978,6807,966,6803,952,6801,938,6801,925,6800,909,6797,883,6790,855,6782,828,6775,800,6767,638,6735
PolyLine;ColorIdx=8;StartPoint=2097,6188;Points=1989,6243,1983,6251,1922,6282,1889,6314,1859,6329,1827,6358,1802,6367,1676,6493,1661,6520,1655,6557,1708,6563,1739,6532,1865,6383,1904,6351,1943,6314,1983,6282,2013,6268,2030,6251,2110,6208,2097,6188
PolyLine;ColorIdx=8;StartPoint=2122,6167;Points=2122,6192,2143,6192,2122,6167
PolyLine;ColorIdx=8;StartPoint=2146,6164;Points=2154,6174,2160,6174,2146,6164
PolyLine;ColorIdx=8;StartPoint=1951,5584;Points=1953,5573,1951,5573,1947,5588,1915,5697,1883,5809,1877,5842,1877,5850,1873,5856,1867,5866,1860,5894,1852,5929,1849,5949,1847,5981,1846,6057,1847,6130,1851,6155,1855,6162,1864,6168,1871,6167,1875,6169,1877,6147,1877,6049,1877,5950,1877,5926,1883,5895,1913,5771,1947,5646,1957,5608,1962,5599,1961,5585,1958,5574,1951,5584
PolyLine;ColorIdx=8;StartPoint=2231,5208;Points=2204,5301,2194,5306,2187,5339,2178,5355,2172,5395,2133,5511,2110,5646,2110,5683,2101,5693,2096,5823,2096,6013,2084,6100,2122,6100,2127,5709,2133,5700,2158,5511,2162,5504,2178,5433,2242,5245,2238,5208,2231,5208
PolyLine;ColorIdx=8;StartPoint=1577,4831;Points=1570,4860,1565,4885,1563,4887,1561,4882,1559,4883,1555,4901,1535,5002,1516,5120,1513,5188,1516,5254,1532,5364,1548,5457,1552,5471,1553,5467,1553,5461,1555,5465,1563,5503,1570,5559,1578,5622,1580,5693,1566,5774,1548,5856,1538,5910,1516,5981,1461,6124,1429,6206,1407,6277,1399,6335,1399,6387,1407,6464,1407,6487,1414,6489,1434,6506,1446,6508,1457,6495,1462,6412,1461,6332,1463,6320,1465,6321,1468,6324,1470,6323,1472,6301,1476,6271,1484,6238,1493,6208,1497,6199,1501,6192,1504,6172,1508,6151,1510,6151,1516,6147,1532,6110,1548,6076,1554,6067,1558,6068,1565,6072,1565,6084,1549,6115,1535,6151,1522,6187,1516,6215,1512,6223,1508,6231,1500,6258,1493,6309,1488,6402,1485,6489,1489,6511,1496,6511,1506,6519,1520,6524,1540,6530,1561,6532,1579,6537,1598,6532,1619,6512,1636,6489,1638,6485,1635,6485,1649,6464,1725,6377,1808,6285,1851,6252,1880,6239,1909,6234,1943,6227,2005,6195,2060,6164,2078,6160,2084,6159,2096,6148,2113,6132,2148,6127,2168,6121,2184,6108,2194,6086,2203,6055,2211,6006,2217,5996,2218,5996,2219,5991,2228,5961,2235,5919,2243,5870,2250,5802,2254,5678,2250,5568,2249,5552,2245,5556,2243,5563,2242,5559,2237,5502,2235,5433,2237,5378,2242,5339,2245,5328,2250,5323,2254,5311,2256,5292,2271,5258,2289,5222,2295,5215,2298,5214,2300,5203,2305,5191,2316,5185,2324,5181,2328,5167,2330,5108,2328,5051,2325,5037,2319,5036,2316,5024,2313,5011,2308,4997,2298,4979,2275,4953,2250,4926,2230,4905,2211,4894,2204,4894,2199,4898,2194,4910,2194,4915,2187,4932,2154,4985,2117,5041,2098,5066,2084,5082,2060,5098,2036,5113,2004,5131,1974,5145,1951,5147,1937,5147,1932,5147,1931,5145,1926,5138,1925,5120,1925,5066,1931,5011,1938,4985,1947,4972,1950,4968,1956,4962,1964,4940,1970,4916,1969,4907,1958,4910,1929,4930,1898,4956,1883,4972,1867,4987,1843,5019,1820,5051,1810,5077,1804,5098,1803,5098,1803,5093,1802,5092,1798,5105,1784,5190,1768,5286,1755,5343,1742,5378,1727,5394,1715,5395,1707,5397,1706,5387,1706,5339,1706,5292,1706,5286,1702,5288,1700,5292,1696,5286,1686,5240,1673,5191,1664,5173,1657,5167,1655,5166,1649,5160,1632,5132,1617,5098,1612,5066,1611,5041,1608,5038,1606,5042,1603,5043,1600,5036,1597,4986,1595,4926,1596,4877,1598,4831,1577,4831
PolyLine;ColorIdx=8;StartPoint=3286,3545;Points=3233,3560,3161,3624,3145,3644,3117,3743,3101,3852,3055,4050,2970,4221,2959,4226,2893,4347,2878,4353,2722,4556,2657,4659,2647,4666,2562,4802,2554,4806,2523,4864,2506,4878,2380,5113,2376,5135,2372,5183,2346,5188,2305,5277,2289,5339,2281,5350,2273,5413,2281,5559,2289,5574,2289,5866,2238,6042,2231,6100,2456,6049,2607,6035,2785,6035,2904,6040,2947,6036,2986,5965,2992,5944,3002,5934,3008,5901,3016,5886,3041,5809,3048,5802,3055,5772,3079,5709,3086,5676,3094,5668,3101,5637,3111,5620,3117,5588,3127,5584,3133,5537,3158,5473,3163,5433,3174,5427,3213,5301,3221,5286,3226,5254,3236,5239,3267,5130,3274,5082,3284,5067,3305,4962,3313,4941,3335,4802,3347,4775,3353,4729,3361,4705,3383,4582,3431,4456,3440,4447,3460,4377,3476,4353,3487,4347,3503,4321,3508,4300,3519,4290,3523,4258,3533,4242,3540,4165,3548,4157,3555,4118,3587,4033,3596,4024,3603,3987,3611,3977,3643,3898,3650,3867,3658,3852,3666,3805,3674,3789,3680,3751,3680,3695,3674,3679,3666,3674,3650,3648,3628,3632,3599,3624,3561,3598,3472,3567,3350,3545,3286,3545
PolyLine;ColorIdx=8;StartPoint=652,3489;Points=581,3504,575,3514,534,3528,528,3541,505,3554,491,3642,485,3648,485,4018,491,4033,500,4128,505,4134,530,4284,536,4290,585,4424,600,4447,632,4524,663,4628,663,4894,656,4987,614,5318,609,5332,577,5731,577,5809,563,6036,577,6068,593,6130,593,6182,618,6292,675,6314,716,6320,732,6329,1333,6476,1361,6473,1366,6285,1375,6277,1375,6246,1392,6208,1375,6115,1366,6104,1361,6042,1350,6013,1346,5958,1335,5950,1320,5866,1314,5778,1303,5754,1298,5668,1287,5662,1266,5473,1257,5465,1251,5369,1241,5339,1235,5277,1226,5254,1219,5191,1210,5167,1203,5105,1195,5098,1173,4972,1164,4962,1140,4831,1132,4821,1094,4666,1085,4659,1068,4588,1063,4504,1054,4494,1031,4368,1022,4361,1017,4314,1005,4306,1001,4258,984,4221,975,4212,969,4191,959,4179,953,4118,971,4102,994,4118,1005,3805,1017,3743,1017,3658,1001,3594,959,3564,919,3554,909,3610,896,3601,890,3564,883,3554,875,3532,863,3520,752,3489,652,3489
PolyLine;ColorIdx=8;StartPoint=3905,2334;Points=3905,2358,3974,2354,3984,2343,3905,2334
PolyLine;ColorIdx=8;StartPoint=1075,1632;Points=1092,1632,1075,1632
PolyLine;ColorIdx=8;StartPoint=4469,1337;Points=4345,1353,4272,1368,4162,1406,4156,1417,4116,1440,4088,1488,4035,1638,3988,1723,3973,1737,3954,1774,3905,1776,3865,1725,3869,1691,3862,1638,3853,1629,3837,1685,3822,1787,3784,1858,3725,1919,3712,1926,3695,1957,3680,1973,3674,1999,3674,2045,3784,2255,3813,2288,3843,2292,3905,2276,3922,2280,3911,2292,3899,2298,3890,2308,3875,2314,3813,2314,3801,2327,3801,2358,3827,2392,3922,2402,3927,2414,3911,2423,3803,2423,3781,2430,3767,2452,3752,2505,3738,2536,3728,2577,3658,2688,3650,2693,3580,2817,3580,2865,3603,2889,3607,2944,3630,2940,3639,2934,3671,2934,3687,2940,3797,2934,3843,2940,3911,2964,3960,2964,3974,2946,3988,2913,3994,2875,4003,2859,4025,2772,4035,2766,4040,2718,4050,2703,4057,2670,4066,2656,4071,2625,4082,2608,4088,2568,4104,2520,4112,2513,4135,2427,4144,2421,4150,2396,4181,2334,4191,2327,4269,2169,4276,2139,4286,2129,4301,2092,4306,2060,4315,2051,4322,2030,4332,2019,4338,1973,4364,1919,4370,1887,4378,1872,4427,1700,4433,1644,4441,1638,4448,1597,4495,1517,4540,1472,4672,1389,4676,1356,4634,1337,4469,1337
PolyLine;ColorIdx=8;StartPoint=800,1062;Points=732,1076,716,1086,675,1092,669,1101,589,1124,503,1171,487,1197,485,1263,491,1269,530,1466,536,1472,551,1544,569,1576,600,1747,614,1795,640,1935,647,1942,647,2014,614,2077,614,2115,625,2145,625,2286,640,2427,632,2640,614,2803,621,2808,689,2824,700,2831,736,2910,768,2913,772,2889,787,2859,803,2844,841,2840,894,2871,941,2880,938,2795,913,2597,913,2396,928,2239,945,2192,945,2154,938,2129,928,2123,928,2098,938,2082,945,1887,953,1858,959,1769,969,1732,975,1613,984,1544,991,1410,1005,1315,1031,1263,1031,1168,1017,1143,982,1119,951,1101,894,1062,800,1062
PolyLine;ColorIdx=8;StartPoint=3801,2024;Points=3785,2025,3660,2019,3626,2021,3594,2028,3564,2044,3533,2078,3520,2107,3510,2118,3497,2151,3487,2183,3485,2193,3476,2211,3456,2282,3434,2390,3432,2434,3426,2441,3419,2466,3418,2474,3405,2492,3387,2541,3379,2548,3369,2567,3367,2587,3355,2602,3350,2621,3336,2640,3331,2663,3318,2683,3313,2711,3308,2723,3290,2740,3280,2763,3265,2824,3264,2893,3271,2929,3276,2938,3281,2942,3290,2960,3304,2974,3313,2982,3312,3006,3302,3029,3298,3054,3296,3074,3285,3098,3285,3125,3283,3150,3265,3225,3260,3276,3249,3293,3247,3312,3238,3341,3213,3398,3197,3417,3184,3438,3147,3521,3127,3543,3108,3573,3093,3611,3086,3618,3047,3662,3027,3693,3025,3694,2998,3718,2979,3751,2944,3810,2932,3824,2912,3842,2897,3866,2890,3881,2871,3900,2856,3931,2840,3948,2830,3968,2824,3977,2793,4016,2701,4157,2674,4204,2672,4212,2670,4220,2640,4258,2629,4276,2614,4299,2610,4327,2607,4352,2583,4365,2567,4390,2543,4345,2467,4244,2443,4219,2439,4200,2417,4174,2405,4167,2390,4163,2365,4166,2346,4184,2318,4238,2301,4280,2289,4299,2281,4320,2274,4342,2270,4347,2258,4363,2255,4380,2201,4435,2166,4466,2149,4479,2158,4405,2162,4390,2232,4290,2238,4283,2250,4278,2275,4237,2277,4216,2275,4206,2270,4197,2263,4189,2256,4185,2241,4178,2207,4182,2187,4187,2172,4195,2160,4208,2117,4229,2077,4253,2060,4269,2040,4278,2024,4293,1994,4322,1988,4333,1960,4352,1943,4385,1935,4392,1906,4423,1890,4460,1878,4478,1858,4539,1852,4570,1840,4550,1816,4524,1804,4487,1800,4442,1790,4399,1788,4384,1789,4262,1792,4205,1802,4149,1839,4056,1846,4032,1847,4005,1836,3983,1822,3974,1809,3970,1785,3974,1751,3997,1725,4032,1701,4071,1686,4096,1656,4147,1648,4176,1637,4194,1632,4214,1622,4231,1618,4243,1596,4355,1590,4365,1577,4408,1566,4476,1563,4546,1560,4642,1560,4716,1568,4791,1573,4811,1583,4900,1589,4922,1598,4935,1611,5036,1612,5117,1611,5227,1602,5245,1598,5265,1596,5293,1590,5300,1584,5318,1578,5361,1568,5380,1561,5401,1547,5459,1546,5488,1542,5498,1523,5541,1515,5457,1509,5420,1501,5402,1471,5211,1465,5157,1457,5109,1450,5095,1427,4901,1420,4864,1417,4856,1410,4780,1391,4691,1378,4601,1370,4566,1362,4547,1361,4547,1333,4411,1317,4351,1312,4344,1293,4245,1283,4199,1276,4191,1251,4083,1234,4035,1222,4005,1210,3950,1205,3894,1197,3818,1183,3743,1176,3719,1165,3699,1161,3688,1132,3597,1124,3561,1129,3548,1135,3477,1150,3057,1154,2986,1159,2964,1161,2960,1177,2957,1203,2938,1208,2936,1216,2933,1223,2926,1228,2919,1237,2891,1240,2821,1238,2684,1234,2650,1234,2640,1221,2313,1210,2209,1206,2197,1197,2185,1181,2173,1159,2174,1154,2177,1142,2151,1123,2123,1097,2105,1090,2103,1075,2054,1063,1941,1061,1929,1055,1918,1046,1830,1041,1646,1047,1456,1062,1373,1076,1324,1086,1273,1084,1253,1078,1234,1075,1233,1075,1031,1090,893,1094,889,1100,862,1101,843,1108,732,1116,716,1117,700,1118,651,1126,601,1125,551,1126,502,1138,438,1157,339,1173,308,1180,270,1180,229,1170,160,1143,117,1105,84,1058,59,1041,45,1009,20,972,5,939,0,835,0,675,42,652,50,643,56,640,58,566,80,490,120,429,172,421,180,408,217,408,254,414,328,417,346,426,362,429,363,443,438,456,485,461,491,466,542,472,557,481,564,500,666,507,686,513,695,517,702,530,766,532,788,536,811,547,829,551,881,564,909,570,965,579,983,581,1007,586,1113,573,1127,568,1145,558,1157,553,1171,550,1202,551,1247,554,1264,563,1277,563,1322,563,1323,550,1353,553,1385,558,1398,563,1404,570,1439,580,1527,581,1615,579,1778,574,1841,560,1963,519,1974,473,2006,427,2041,384,2083,366,2108,356,2135,352,2187,362,2233,366,2263,362,2293,362,2318,357,2527,352,2529,346,2549,344,2609,345,2773,346,2808,356,2844,366,2863,396,2895,410,2913,415,2922,414,2985,408,3245,416,3363,432,3481,436,3500,441,3511,445,3515,448,3549,467,3630,481,3649,497,3703,530,3782,549,3817,557,3843,562,3852,568,3856,596,3945,608,3976,613,3997,615,4078,614,4293,607,4310,598,4373,569,4639,564,4728,562,4767,557,4779,551,4806,545,4913,542,4920,535,4970,528,5175,524,5178,518,5190,517,5220,517,5277,516,5375,510,5475,498,5520,487,5530,470,5533,428,5534,357,5575,350,5581,334,5600,331,5625,331,5644,331,5665,324,5688,288,5721,198,5780,153,5792,115,5798,78,5811,45,5829,10,5857,0,5895,2,5916,12,5961,31,6004,49,6032,50,6038,61,6067,78,6093,85,6099,98,6147,113,6187,120,6194,123,6202,142,6256,146,6262,153,6270,172,6381,180,6403,185,6407,190,6544,198,6586,200,6592,199,6636,209,6681,223,6705,242,6726,287,6762,294,6768,295,6783,304,6797,308,6802,324,6904,331,6958,334,6976,344,6987,356,7044,360,7108,364,7135,374,7158,377,7193,383,7250,389,7265,392,7268,413,7421,419,7447,424,7463,428,7464,442,7578,454,7645,466,7662,467,7662,481,7720,486,7741,497,7760,497,7764,502,7787,513,7807,532,7851,558,7893,567,7904,579,7932,583,7937,585,7943,589,7959,600,7972,607,7994,611,8000,624,8011,659,8081,671,8119,671,8125,673,8144,683,8158,683,8190,670,8205,665,8224,666,8264,673,8304,681,8322,688,8329,697,8335,701,8358,705,8548,711,8580,715,8589,722,8597,729,8623,735,8630,740,8708,748,8733,764,8753,777,8763,782,8764,786,8807,790,8825,771,8833,737,8855,681,8934,664,8966,662,8973,663,8982,665,8992,671,9001,684,9011,704,9017,726,9017,784,9004,810,8994,835,9025,849,9052,855,9083,849,9104,809,9136,786,9158,769,9184,759,9204,754,9229,749,9269,752,9311,754,9319,759,9326,765,9334,773,9340,782,9344,792,9345,818,9340,825,9337,841,9328,852,9315,882,9301,903,9281,921,9273,925,9269,961,9333,963,9337,970,9364,985,9388,995,9397,1002,9428,1027,9465,1037,9473,1044,9488,1017,9535,1012,9556,1001,9571,996,9590,994,9605,975,9641,957,9731,952,9794,958,9814,963,9822,970,9831,978,9836,988,9839,997,9839,1017,9836,1041,9822,1060,9805,1092,9739,1116,9699,1140,9679,1156,9648,1170,9631,1178,9626,1215,9632,1218,9651,1221,9775,1223,9801,1227,9810,1237,9822,1257,9909,1269,9934,1276,9938,1308,10031,1320,10050,1324,10059,1330,10074,1340,10087,1340,10089,1344,10111,1356,10129,1360,10142,1392,10189,1395,10196,1425,10282,1433,10300,1444,10316,1449,10331,1458,10343,1474,10436,1461,10463,1455,10514,1456,10554,1465,10594,1475,10610,1482,10660,1485,10669,1494,10677,1513,10776,1488,10711,1477,10683,1461,10660,1453,10656,1427,10651,1404,10661,1389,10681,1387,10741,1394,10792,1408,10817,1419,10861,1424,10868,1430,10929,1445,10975,1456,10994,1466,11025,1481,11056,1536,11159,1547,11173,1559,11201,1565,11206,1576,11233,1581,11239,1587,11243,1612,11281,1638,11352,1648,11366,1657,11409,1662,11416,1668,11421,1701,11493,1731,11524,1745,11549,1769,11570,1905,11673,1937,11696,1977,11722,1994,11723,2007,11725,2024,11738,2050,11750,2079,11756,2236,11778,2288,11791,2332,11799,2353,11798,2409,11788,2430,11767,2440,11762,2458,11756,2463,11767,2474,11774,2494,11779,2568,11779,2624,11778,2682,11770,2693,11763,2704,11743,2698,11724,2690,11714,2663,11665,2721,11670,2759,11669,2794,11657,2808,11648,2831,11631,2840,11604,2835,11577,2817,11551,2816,11550,2827,11543,2849,11530,2870,11507,2890,11493,2936,11427,3008,11301,3029,11269,3069,11218,3078,11197,3096,11177,3108,11154,3140,11104,3163,11076,3197,11006,3209,10969,3198,10899,3191,10887,3158,10872,3158,10852,3161,10741,3159,10680,3146,10587,3126,10557,3108,10539,3089,10527,3093,10465,3104,10388,3114,10347,3126,10308,3130,10267,3137,10136,3137,10003,3144,9983,3147,9953,3162,9966,3176,9971,3260,10088,3321,10178,3326,10189,3331,10216,3332,10227,3345,10257,3372,10274,3377,10277,3432,10268,3447,10234,3445,10191,3422,9995,3396,9893,3380,9858,3364,9829,3363,9824,3380,9813,3434,9763,3485,9714,3507,9702,3534,9685,3555,9660,3568,9667,3623,9705,3630,9715,3656,9729,3676,9740,3716,9782,3748,9817,3784,9848,3805,9858,3813,9860,3821,9860,3829,9857,3836,9854,3854,9836,3865,9811,3869,9786,3860,9734,3821,9653,3805,9635,3776,9589,3719,9519,3681,9488,3671,9480,3711,9364,3728,9325,3753,9318,3776,9322,3894,9366,3917,9372,3980,9355,3983,9350,3988,9343,3989,9334,3988,9314,3965,9268,3897,9168,3878,9155,3815,9120,3782,9098,3746,9079,3724,9075,3735,9065,3879,8989,3914,8966,3920,8960,3960,8931,3968,8921,4045,8857,4073,8831,4097,8810,4114,8785,4133,8769,4147,8749,4167,8721,4180,8711,4214,8669,4301,8554,4325,8519,4346,8478,4360,8464,4371,8448,4406,8379,4453,8282,4493,8182,4517,8103,4546,7996,4570,7880,4589,7717,4590,7452,4588,7384,4585,7305,4575,7227,4571,7214,4568,7197,4561,7180,4546,7090,4531,7058,4510,6972,4491,6892,4480,6866,4475,6851,4466,6805,4448,6762,4360,6558,4339,6515,4334,6506,4309,6456,4217,6296,4199,6271,4178,6225,4108,6141,3924,5934,3900,5907,3881,5889,3856,5879,3843,5865,3833,5842,3815,5824,3722,5758,3709,5744,3703,5740,3654,5708,3643,5694,3612,5674,3577,5651,3536,5633,3526,5630,3492,5610,3453,5593,3294,5548,3287,5546,3292,5529,3315,5475,3316,5473,3328,5451,3356,5368,3376,5304,3381,5296,3401,5247,3408,5227,3424,5184,3549,4776,3559,4749,3564,4744,3569,4737,3579,4691,3590,4671,3597,4649,3624,4551,3630,4538,3643,4488,3745,4006,3766,3914,3775,3893,3794,3853,3841,3731,3850,3720,3873,3682,3907,3610,3933,3535,3954,3438,3962,3399,3974,3383,3980,3367,4006,3285,4021,3255,4056,3132,4077,3095,4117,3059,4148,3008,4149,3002,4166,2985,4216,2883,4246,2803,4268,2720,4297,2603,4341,2468,4355,2427,4361,2422,4372,2405,4403,2321,4406,2311,4412,2286,4408,2262,4396,2238,4396,2232,4389,2200,4397,2169,4402,2159,4449,2013,4466,1953,4517,1796,4533,1744,4550,1686,4558,1669,4569,1647,4570,1623,4582,1595,4726,1314,4762,1227,4814,1081,4819,1078,4827,1055,4849,972,4856,959,4863,935,4926,707,4943,654,4960,630,4984,601,5015,579,5062,554,5166,483,5185,459,5194,413,5184,369,5169,349,5139,326,5108,311,5076,301,5061,295,5005,293,4821,299,4763,304,4748,312,4747,314,4629,344,4553,366,4481,396,4431,426,4410,454,4404,471,4400,480,4380,498,4366,530,4361,563,4350,589,4346,618,4335,632,4329,652,4316,669,4314,690,4306,710,4294,730,4289,523,4284,468,4277,445,4271,438,4256,429,4224,415,4191,419,4171,427,4153,442,4131,475,4122,516,4120,566,4115,576,4109,603,4103,726,4101,739,4088,812,4084,823,4071,862,4052,901,4003,956,3983,977,3969,1002,3967,1008,3944,1039,3918,1069,3913,1098,3912,1137,3914,1164,3924,1189,3944,1203,3949,1216,3951,1225,3957,1242,3967,1259,3982,1295,4013,1348,4020,1355,4028,1385,4054,1424,4057,1426,4057,1439,4040,1464,4034,1496,4034,1557,4024,1578,4002,1657,3984,1701,3974,1715,3969,1733,3960,1744,3925,1807,3893,1849,3884,1871,3872,1886,3865,1906,3854,1935,3839,1951,3830,1973,3817,2015,3801,2024
PolyLine;ColorIdx=8;StartPoint=839,32;Points=749,56,677,75,666,80,668,81,672,82,668,84,632,95,582,108,545,125,513,144,481,171,451,198,441,209,440,227,442,279,447,328,449,334,451,331,454,327,458,336,468,395,481,456,488,470,493,474,497,505,499,536,504,541,510,553,522,607,532,663,536,671,538,670,541,668,543,672,551,703,561,741,566,774,568,800,574,805,579,811,582,844,586,880,590,888,595,896,599,924,602,956,607,967,612,989,617,1049,619,1110,617,1130,612,1137,607,1139,602,1143,599,1157,595,1173,589,1173,586,1178,583,1213,586,1248,590,1257,595,1265,596,1295,595,1327,590,1341,586,1350,583,1363,586,1376,589,1380,595,1394,605,1440,612,1515,614,1642,612,1774,605,1867,595,1936,592,1970,582,1989,571,1995,560,1996,543,2000,523,2011,455,2059,421,2092,395,2124,385,2156,385,2187,395,2237,401,2256,407,2262,409,2270,407,2279,401,2273,395,2295,391,2424,388,2554,385,2569,383,2561,379,2552,378,2564,376,2672,378,2787,384,2827,395,2846,419,2871,440,2897,447,2919,447,2966,442,3099,440,3252,451,3381,464,3475,467,3491,470,3489,472,3482,474,3482,481,3509,481,3545,491,3586,499,3620,505,3628,510,3630,510,3639,516,3664,542,3726,568,3784,576,3794,577,3790,579,3791,582,3810,586,3827,588,3828,595,3837,612,3885,632,3939,640,3965,647,4015,650,4174,647,4325,646,4342,644,4329,641,4318,637,4335,618,4483,602,4645,598,4722,595,4764,590,4786,586,4806,582,4863,579,4919,574,4932,568,4961,564,5080,561,5195,558,5210,554,5208,551,5199,549,5202,550,5229,549,5287,548,5409,543,5478,530,5531,506,5559,474,5567,445,5567,421,5571,391,5588,375,5604,366,5610,362,5625,363,5662,360,5684,349,5710,286,5765,213,5809,185,5821,157,5825,112,5833,74,5851,49,5867,38,5875,36,5881,33,5891,36,5905,42,5939,52,5974,66,6000,78,6019,83,6032,85,6044,94,6058,103,6071,109,6071,114,6078,126,6118,138,6162,141,6169,142,6168,148,6173,160,6206,172,6242,180,6244,180,6240,180,6239,184,6247,195,6314,206,6379,210,6386,212,6380,215,6375,217,6386,221,6471,223,6557,225,6569,229,6566,231,6562,234,6568,232,6615,234,6645,240,6672,257,6694,280,6714,319,6748,331,6765,331,6774,332,6774,338,6781,346,6820,355,6866,358,6915,362,6953,364,6959,366,6959,371,6962,381,6997,388,7038,391,7084,395,7125,401,7139,407,7153,411,7197,415,7238,416,7242,419,7236,421,7233,423,7246,435,7336,447,7428,451,7438,452,7431,454,7425,458,7434,468,7525,481,7617,485,7628,487,7625,490,7619,493,7624,505,7675,516,7727,522,7740,526,7743,530,7761,532,7778,538,7784,543,7789,544,7798,549,7813,568,7844,586,7875,592,7881,595,7882,599,7895,602,7908,607,7913,612,7917,615,7930,619,7943,624,7947,632,7951,633,7964,637,7978,639,7976,647,7984,673,8034,697,8087,703,8117,704,8132,711,8133,715,8139,717,8174,715,8208,705,8216,697,8225,700,8260,704,8294,710,8301,715,8304,724,8312,733,8346,737,8450,740,8553,745,8572,748,8569,750,8570,753,8586,756,8603,761,8604,767,8614,769,8660,773,8707,784,8726,794,8735,803,8736,809,8742,814,8770,819,8803,824,8825,819,8844,793,8860,760,8879,729,8919,704,8959,695,8974,701,8981,722,8983,747,8979,782,8969,805,8962,814,8957,823,8962,845,8985,870,9018,882,9049,888,9078,887,9098,881,9113,879,9120,870,9129,838,9155,809,9181,803,9197,803,9205,797,9206,791,9216,785,9258,785,9302,791,9311,799,9312,816,9306,824,9298,832,9288,849,9280,867,9272,877,9262,884,9255,894,9250,901,9247,903,9241,908,9236,921,9230,933,9230,943,9236,969,9276,990,9319,996,9334,997,9344,1005,9358,1015,9370,1021,9372,1024,9378,1028,9394,1031,9413,1040,9428,1049,9439,1054,9442,1060,9446,1068,9462,1076,9480,1084,9488,1076,9498,1063,9519,1049,9543,1046,9562,1042,9577,1037,9581,1031,9583,1029,9599,1024,9619,1017,9630,1007,9646,998,9688,990,9731,985,9771,988,9800,994,9806,1003,9804,1022,9794,1031,9788,1040,9777,1052,9746,1066,9714,1084,9689,1097,9670,1104,9667,1111,9663,1127,9632,1151,9602,1182,9593,1210,9598,1234,9603,1242,9611,1248,9628,1254,9707,1255,9784,1257,9794,1259,9794,1261,9793,1265,9800,1278,9852,1290,9905,1292,9910,1293,9907,1296,9905,1299,9912,1321,9966,1341,10023,1349,10033,1352,10030,1355,10044,1359,10059,1363,10062,1369,10066,1372,10082,1375,10099,1385,10105,1387,10110,1389,10120,1393,10135,1401,10149,1410,10162,1413,10159,1420,10168,1440,10226,1462,10283,1470,10291,1472,10290,1476,10303,1480,10316,1483,10315,1489,10323,1499,10374,1506,10425,1508,10446,1506,10455,1501,10458,1496,10461,1491,10471,1489,10488,1488,10514,1489,10540,1491,10562,1496,10581,1501,10590,1506,10599,1509,10624,1514,10649,1515,10650,1516,10644,1519,10644,1523,10660,1545,10763,1561,10866,1560,10884,1554,10881,1538,10862,1523,10853,1510,10836,1495,10813,1480,10781,1462,10736,1444,10695,1437,10683,1431,10685,1424,10686,1420,10695,1419,10718,1420,10746,1423,10769,1426,10787,1432,10792,1438,10797,1442,10819,1444,10840,1450,10847,1455,10856,1457,10886,1462,10918,1470,10947,1480,10969,1484,10974,1489,10976,1489,10986,1496,11011,1529,11078,1565,11142,1573,11152,1574,11149,1578,11162,1581,11175,1587,11179,1592,11184,1596,11197,1599,11210,1603,11212,1609,11217,1627,11238,1644,11269,1657,11306,1668,11338,1674,11345,1679,11348,1686,11369,1686,11389,1689,11392,1696,11399,1711,11436,1730,11475,1747,11495,1765,11510,1766,11514,1764,11517,1782,11537,1872,11607,1963,11674,1987,11689,1992,11687,2009,11691,2026,11696,2030,11699,2036,11705,2046,11714,2078,11723,2161,11735,2249,11747,2292,11756,2318,11763,2341,11765,2360,11763,2380,11761,2396,11756,2401,11753,2403,11747,2415,11738,2429,11730,2448,11725,2465,11723,2475,11725,2481,11730,2485,11735,2488,11740,2488,11744,2505,11747,2578,11747,2652,11743,2669,11740,2659,11727,2641,11692,2622,11658,2609,11640,2608,11634,2619,11629,2677,11632,2740,11638,2770,11629,2791,11620,2804,11610,2807,11599,2797,11580,2784,11562,2781,11548,2784,11537,2789,11527,2800,11519,2816,11512,2831,11503,2843,11488,2852,11475,2857,11475,2865,11468,2890,11436,2920,11389,2955,11327,2990,11269,3015,11233,3034,11210,3046,11191,3051,11175,3059,11169,3068,11159,3085,11130,3102,11096,3120,11077,3138,11056,3157,11015,3172,10976,3178,10952,3178,10935,3172,10920,3162,10909,3144,10904,3134,10899,3127,10884,3125,10821,3127,10746,3126,10676,3120,10616,3104,10583,3086,10564,3078,10558,3072,10557,3064,10552,3059,10540,3056,10515,3059,10477,3066,10418,3075,10360,3085,10333,3093,10299,3099,10222,3102,10135,3104,10054,3102,9990,3104,9979,3106,9980,3107,9984,3110,9980,3114,9944,3124,9908,3131,9900,3137,9900,3151,9908,3163,9921,3175,9935,3179,9937,3182,9933,3203,9951,3273,10047,3342,10149,3360,10182,3361,10196,3364,10216,3368,10231,3373,10239,3381,10244,3395,10247,3409,10244,3414,10239,3412,10214,3406,10135,3395,10041,3383,9970,3368,9912,3349,9870,3334,9842,3328,9823,3334,9807,3353,9792,3379,9773,3414,9735,3453,9697,3492,9671,3521,9653,3526,9645,3526,9638,3526,9632,3529,9628,3546,9625,3572,9632,3613,9657,3650,9684,3656,9691,3655,9691,3657,9694,3674,9701,3701,9717,3748,9767,3795,9814,3817,9825,3829,9814,3836,9790,3831,9756,3813,9710,3794,9670,3784,9663,3779,9663,3775,9651,3763,9628,3731,9586,3694,9543,3666,9518,3644,9498,3636,9483,3644,9456,3667,9387,3694,9319,3707,9296,3722,9290,3744,9285,3776,9288,3837,9311,3898,9333,3930,9341,3950,9337,3957,9325,3946,9302,3912,9249,3878,9199,3867,9186,3859,9181,3829,9166,3795,9146,3767,9128,3743,9113,3715,9107,3694,9096,3680,9078,3682,9066,3698,9051,3785,9001,3874,8955,3892,8942,3891,8938,3907,8930,3924,8919,3931,8911,3950,8892,4009,8841,4069,8790,4084,8768,4086,8758,4095,8756,4105,8751,4122,8727,4141,8700,4154,8687,4176,8666,4226,8599,4280,8527,4307,8481,4325,8449,4328,8444,4329,8446,4342,8432,4386,8344,4434,8243,4460,8176,4479,8116,4497,8056,4513,7984,4536,7881,4555,7743,4558,7536,4555,7340,4546,7252,4537,7212,4534,7203,4533,7205,4532,7209,4530,7204,4523,7158,4513,7107,4506,7086,4497,7057,4479,6985,4461,6912,4451,6884,4444,6866,4441,6845,4428,6797,4376,6675,4325,6557,4309,6533,4308,6537,4306,6534,4303,6521,4289,6488,4238,6398,4187,6310,4174,6295,4173,6297,4168,6294,4166,6275,4159,6258,4135,6225,4009,6080,3885,5939,3853,5911,3853,5917,3849,5917,3831,5899,3815,5881,3811,5870,3798,5854,3746,5815,3694,5779,3687,5773,3688,5772,3690,5772,3687,5770,3657,5748,3625,5728,3620,5725,3623,5723,3623,5722,3618,5718,3585,5696,3546,5672,3520,5662,3503,5656,3498,5650,3496,5645,3478,5643,3460,5639,3460,5638,3465,5637,3465,5635,3450,5627,3357,5601,3261,5571,3245,5559,3245,5550,3258,5528,3274,5483,3292,5443,3294,5438,3294,5441,3296,5445,3299,5435,3321,5368,3344,5298,3355,5277,3361,5264,3370,5230,3379,5202,3379,5207,3374,5222,3374,5226,3385,5195,3453,4977,3522,4754,3539,4713,3539,4721,3540,4721,3545,4692,3549,4668,3551,4666,3552,4668,3553,4670,3558,4661,3574,4608,3592,4549,3598,4517,3601,4497,3601,4505,3599,4524,3598,4529,3599,4527,3609,4491,3664,4229,3722,3957,3743,3881,3757,3854,3786,3775,3815,3706,3821,3695,3823,3696,3826,3699,3831,3689,3861,3629,3894,3551,3913,3468,3927,3396,3937,3376,3946,3363,3964,3309,3980,3258,3983,3253,3983,3258,3983,3261,3987,3252,4005,3182,4032,3104,4067,3060,4101,3028,4116,2998,4124,2978,4130,2973,4139,2966,4155,2934,4176,2890,4192,2856,4211,2805,4235,2711,4263,2606,4295,2500,4325,2416,4334,2398,4338,2399,4342,2392,4360,2344,4376,2295,4378,2280,4376,2271,4367,2257,4359,2237,4355,2210,4359,2177,4371,2143,4396,2089,4427,1969,4461,1849,4482,1791,4497,1756,4506,1719,4513,1687,4525,1660,4537,1636,4536,1627,4547,1591,4608,1472,4674,1343,4705,1283,4725,1231,4760,1137,4788,1058,4793,1047,4794,1050,4793,1056,4795,1050,4808,994,4823,938,4824,933,4825,934,4824,943,4824,948,4830,931,4863,810,4898,681,4916,633,4933,611,4955,583,4980,558,5011,543,5045,525,5092,496,5132,466,5150,453,5157,440,5160,414,5157,388,5139,368,5118,353,5093,340,5067,333,5051,327,5016,325,4901,328,4792,333,4776,334,4779,336,4783,338,4775,343,4708,358,4630,377,4574,394,4526,410,4486,432,4454,449,4442,462,4437,474,4433,487,4428,502,4416,511,4403,525,4397,551,4396,576,4386,586,4382,593,4379,617,4376,638,4370,644,4365,646,4361,659,4359,672,4353,676,4348,681,4347,692,4342,714,4318,754,4293,790,4278,799,4269,794,4264,797,4263,766,4259,634,4255,502,4250,462,4237,456,4214,448,4191,453,4172,472,4159,502,4154,539,4152,576,4147,587,4141,605,4139,668,4135,732,4130,753,4124,766,4123,794,4118,828,4105,870,4083,914,4044,961,4007,999,4000,1014,3996,1024,3975,1049,3954,1075,3948,1088,3946,1104,3945,1130,3946,1155,3949,1165,3954,1173,3958,1175,3963,1178,3971,1191,3980,1206,3983,1219,3987,1231,3992,1235,3996,1240,3999,1250,4003,1265,4021,1296,4039,1327,4046,1331,4050,1334,4052,1349,4056,1367,4064,1382,4072,1394,4078,1400,4083,1402,4086,1410,4089,1419,4095,1432,4089,1446,4086,1456,4083,1464,4077,1466,4072,1472,4069,1484,4066,1504,4066,1540,4066,1574,4064,1579,4063,1578,4056,1584,4044,1631,4032,1676,4026,1685,4021,1687,4016,1705,4013,1723,4008,1726,4003,1728,4000,1742,3996,1756,3994,1757,3987,1762,3971,1791,3954,1825,3935,1848,3922,1867,3914,1883,3911,1893,3906,1897,3901,1900,3898,1912,3894,1928,3886,1947,3878,1962,3874,1963,3867,1969,3855,2011,3843,2034,3822,2051,3786,2058,3744,2057,3667,2051,3625,2054,3598,2062,3574,2081,3558,2101,3552,2114,3549,2124,3545,2128,3540,2134,3530,2154,3522,2177,3519,2200,3516,2219,3514,2220,3513,2217,3510,2216,3505,2228,3492,2290,3470,2364,3465,2416,3464,2453,3458,2460,3453,2461,3450,2479,3447,2495,3443,2498,3437,2503,3425,2535,3412,2564,3406,2570,3402,2571,3399,2588,3395,2606,3390,2612,3385,2616,3382,2627,3379,2639,3374,2644,3368,2651,3364,2667,3361,2685,3356,2689,3351,2691,3348,2708,3344,2727,3335,2741,3326,2754,3322,2755,3317,2761,3308,2786,3299,2821,3297,2869,3299,2909,3303,2916,3309,2915,3312,2927,3317,2942,3330,2953,3344,2966,3347,2993,3344,3018,3342,3027,3334,3035,3330,3061,3326,3087,3322,3095,3317,3104,3317,3123,3317,3149,3309,3185,3299,3225,3294,3259,3292,3287,3287,3297,3283,3304,3280,3317,3276,3337,3259,3375,3241,3413,3229,3430,3216,3449,3194,3497,3172,3545,3168,3551,3166,3551,3162,3551,3146,3575,3131,3603,3126,3617,3120,3630,3101,3649,3080,3673,3064,3695,3051,3715,3041,3724,3024,3740,2995,3788,2966,3837,2950,3852,2938,3860,2925,3885,2914,3906,2909,3910,2903,3912,2893,3935,2880,3957,2874,3961,2869,3964,2857,3986,2846,4008,2845,4008,2846,4003,2845,4002,2835,4015,2774,4104,2715,4198,2706,4217,2710,4217,2708,4221,2685,4252,2663,4283,2657,4295,2656,4301,2651,4301,2646,4308,2641,4340,2635,4372,2622,4383,2609,4386,2600,4398,2594,4411,2595,4427,2595,4433,2591,4438,2571,4441,2550,4431,2537,4405,2519,4368,2475,4309,2433,4257,2422,4248,2422,4251,2420,4249,2409,4226,2399,4204,2392,4198,2386,4198,2380,4197,2372,4204,2354,4237,2337,4274,2332,4291,2331,4301,2326,4303,2320,4308,2314,4328,2307,4352,2298,4366,2289,4377,2290,4385,2279,4404,2229,4455,2172,4504,2154,4512,2141,4513,2121,4511,2114,4515,2115,4507,2118,4457,2124,4404,2129,4382,2143,4359,2180,4304,2218,4257,2229,4248,2231,4249,2242,4232,2244,4223,2242,4214,2219,4212,2196,4219,2188,4225,2179,4236,2146,4251,2111,4270,2091,4286,2078,4297,2070,4301,2060,4304,2043,4319,2026,4335,2022,4342,2019,4350,2001,4363,1981,4377,1975,4390,1970,4404,1957,4417,1943,4429,1934,4442,1926,4456,1923,4468,1919,4479,1916,4483,1909,4491,1900,4511,1891,4542,1881,4593,1871,4639,1859,4651,1847,4645,1843,4635,1841,4617,1823,4588,1806,4559,1796,4550,1789,4542,1779,4519,1772,4491,1768,4459,1765,4429,1758,4414,1753,4393,1752,4354,1753,4301,1757,4233,1765,4163,1785,4099,1806,4050,1814,4022,1811,4008,1801,4002,1785,4012,1762,4039,1739,4067,1732,4084,1730,4093,1726,4096,1719,4101,1702,4131,1686,4163,1680,4185,1679,4198,1673,4201,1668,4204,1664,4221,1661,4239,1656,4238,1650,4249,1638,4308,1627,4368,1622,4379,1619,4379,1617,4386,1608,4419,1599,4479,1593,4600,1592,4721,1600,4781,1609,4824,1613,4869,1617,4902,1619,4907,1622,4903,1624,4901,1627,4909,1636,4954,1644,5024,1646,5132,1644,5228,1640,5250,1636,5249,1634,5254,1630,5285,1627,5316,1622,5319,1617,5323,1613,5348,1609,5373,1605,5381,1599,5390,1590,5419,1581,5452,1580,5476,1574,5504,1553,5559,1527,5607,1514,5631,1508,5630,1502,5614,1489,5524,1480,5435,1477,5425,1476,5428,1475,5434,1472,5426,1458,5356,1444,5271,1434,5190,1426,5126,1425,5119,1424,5126,1423,5130,1420,5115,1407,5003,1393,4892,1391,4877,1389,4882,1388,4889,1387,4885,1385,4838,1375,4785,1368,4744,1359,4703,1349,4639,1341,4583,1340,4577,1340,4584,1338,4589,1334,4576,1312,4476,1290,4377,1286,4365,1285,4370,1285,4377,1283,4368,1270,4295,1255,4221,1253,4213,1252,4218,1252,4221,1248,4214,1234,4148,1214,4077,1205,4051,1197,4033,1188,4005,1180,3964,1171,3887,1163,3809,1154,3763,1145,3733,1138,3719,1129,3699,1110,3639,1094,3580,1091,3547,1094,3528,1094,3529,1097,3539,1097,3541,1098,3536,1100,3498,1108,3271,1118,3035,1124,2960,1132,2942,1139,2932,1149,2928,1167,2926,1177,2917,1187,2909,1196,2906,1201,2900,1205,2881,1206,2786,1205,2691,1203,2682,1202,2689,1200,2690,1197,2657,1193,2448,1183,2241,1174,2207,1163,2210,1151,2228,1142,2235,1133,2225,1129,2210,1124,2193,1118,2177,1107,2158,1094,2141,1078,2135,1062,2124,1052,2095,1042,2054,1036,1996,1031,1945,1030,1941,1029,1945,1027,1948,1024,1936,1016,1864,1007,1756,1007,1603,1015,1452,1033,1359,1049,1298,1052,1269,1049,1258,1046,1265,1044,1265,1042,1248,1041,1140,1042,1016,1050,928,1060,870,1061,860,1063,865,1065,871,1066,862,1071,787,1076,714,1078,703,1084,704,1084,709,1084,707,1084,684,1084,656,1088,626,1094,593,1092,554,1094,502,1111,404,1129,319,1132,305,1133,306,1135,312,1140,299,1145,277,1146,243,1145,210,1142,185,1135,164,1120,142,1100,122,1073,106,1046,91,1024,74,1004,58,986,48,970,39,953,34,935,32,839,32