PolyLine;ColorIdx=8;StartPoint=5317,6890;Points=5413,6732,5489,6569,5518,6578,5530,6611,5497,6736,5664,6782,5739,6786,5806,6732,5843,6749,5943,6640,6023,6527,6077,6394,6123,6260,6135,6135,6119,6023,6031,5810,5947,5810,5910,5739,5856,5643,5822,5601,5772,5584,5768,5710,5718,5814,5689,5814,5668,5797,5693,5701,5685,5597,5593,5413,5551,5413,5526,5388,5501,5363,5459,5363,5418,5317,5359,5297,5238,5334,5138,5413,4996,5626,5075,5635,5138,5676,5059,5705,4971,5718,4883,5776,4821,5864,4771,6010,4758,6164,4846,6294,4896,6340,4971,6344,5038,6298,5109,6273,5146,6227,5163,6210,5188,6240,5188,6273,5030,6423,5267,6327,5509,6198,5518,6231,5259,6369,4996,6486,4950,6519,4888,6527,4616,6615,4637,6644,4737,6732,4842,6832,5096,6774,5342,6694,5359,6715,5192,6778,5021,6824,5180,7037,5234,6936,5263,6895,5317,6890
PolyLine;ColorIdx=8;StartPoint=4107,239;Points=4658,239,5201,202,5226,173,5230,135,5217,123,4641,93,4074,89,4057,131,4020,139,3945,135,3565,89,3544,60,3023,18,2760,2,2505,18,2484,56,3085,214,3711,285,3724,269,4091,285,4107,239
PolyLine;ColorIdx=8;StartPoint=1053,911;Points=1016,911,974,940,953,978,1053,911
PolyLine;ColorIdx=8;StartPoint=1604,1228;Points=1604,1216,1504,1241,1500,1270,1604,1228
PolyLine;ColorIdx=8;StartPoint=1796,1312;Points=1742,1328,1754,1358,1787,1345,1796,1312
PolyLine;ColorIdx=8;StartPoint=5376,2038;Points=5326,1879,5226,1746,5096,1633,4950,1562,4904,1562,4858,1579,4892,1737,4975,1875,5105,1996,5238,2084,5317,2088,5359,2071,5376,2038
PolyLine;ColorIdx=8;StartPoint=5388,2092;Points=5418,1992,5388,1888,5251,1704,5067,1562,4967,1529,4858,1537,4813,1587,4821,1654,5000,1933,5130,2050,5267,2130,5330,2121,5388,2092
PolyLine;ColorIdx=8;StartPoint=3573,2488;Points=3582,2397,3557,2313,3440,2167,3014,2042,2201,1762,2125,1771,2075,1821,2067,1875,2046,1929,2038,1967,2004,2009,1950,2175,1929,2267,1933,2359,2092,2384,2226,2267,2376,2196,2543,2171,2722,2184,2910,2251,3093,2347,3260,2472,3394,2634,3490,2580,3573,2488
PolyLine;ColorIdx=8;StartPoint=569,2647;Points=481,2605,406,2534,310,2359,202,2171,135,1967,106,1992,248,2359,360,2526,498,2664,544,2680,569,2647
PolyLine;ColorIdx=8;StartPoint=4007,2664;Points=4095,2593,4149,2497,4137,2372,4078,2259,3899,2050,3849,2050,3799,2025,3690,1967,3402,1858,3106,1758,2380,1500,1921,1291,1462,1070,1312,1162,1291,1132,1420,1057,1291,978,1145,1070,1120,1057,1166,999,1232,965,1232,957,1007,869,890,853,774,903,690,990,723,911,790,857,703,890,644,970,632,1103,678,1216,849,1404,915,1437,949,1458,961,1491,1128,1545,1303,1558,1320,1579,1212,1608,1095,1591,895,1520,794,1479,711,1404,569,1220,532,1341,532,1479,540,1554,573,1612,627,1742,740,1850,869,1917,1149,2013,1237,2034,1320,2000,1341,2029,1324,2063,1145,2071,953,2038,723,1925,532,1758,552,1892,619,2009,657,2092,682,2130,723,2150,819,2251,932,2334,1145,2388,1362,2405,1520,2401,1679,2380,1762,2372,1842,2359,1812,2322,1867,2184,1879,2050,1921,1992,1938,1959,1929,1929,1954,1879,1963,1829,2067,1712,2121,1666,2205,1679,2985,1938,3127,1988,3202,2004,3273,2038,3557,2130,3673,2301,3694,2401,3682,2509,3569,2630,3411,2685,3431,2739,3732,2735,3878,2718,4007,2664
PolyLine;ColorIdx=8;StartPoint=615,2897;Points=607,2868,511,2876,419,2843,252,2718,118,2564,2,2401,81,2576,206,2722,369,2843,540,2918,615,2897
PolyLine;ColorIdx=8;StartPoint=6536,3335;Points=6519,3219,6465,3114,6302,2935,6210,2897,6210,2993,6252,3085,6361,3252,6440,3319,6536,3335
PolyLine;ColorIdx=8;StartPoint=6553,3369;Points=6586,3273,6557,3181,6440,3010,6331,2897,6260,2868,6189,2864,6160,2935,6173,3010,6248,3156,6373,3319,6461,3369,6553,3369
PolyLine;ColorIdx=8;StartPoint=3582,3469;Points=3577,3456,3565,3473,3557,3498,3569,3519,3573,3511,3582,3469
PolyLine;ColorIdx=8;StartPoint=6181,3540;Points=6156,3398,6081,3265,5977,3148,5856,3060,5797,3056,5772,3068,5768,3102,5806,3244,5885,3381,5993,3490,6127,3557,6160,3557,6181,3540
PolyLine;ColorIdx=8;StartPoint=6223,3540;Points=6202,3394,6127,3265,5939,3052,5852,3018,5760,3027,5731,3106,5739,3181,5806,3331,5977,3515,6077,3577,6198,3586,6223,3540
PolyLine;ColorIdx=8;StartPoint=6732,4149;Points=6711,4028,6644,3936,6711,4149,6732,4149
PolyLine;ColorIdx=8;StartPoint=7500,4416;Points=7541,4070,7525,3895,7475,3736,7458,3736,7512,4091,7496,4270,7437,4437,7445,4450,7500,4416
PolyLine;ColorIdx=8;StartPoint=6665,4395;Points=6699,4387,6707,4362,6711,4299,6715,4241,6732,4187,6765,4237,6769,4308,6861,4195,6903,4053,6907,3761,6895,3749,6849,3498,6749,3277,6757,3461,6732,3644,6682,3799,6557,3928,6473,3974,6369,3982,6177,3949,6060,3870,5952,3778,5772,3540,5722,3519,5693,3473,5639,3369,5593,3344,5484,3127,5430,3018,5355,2939,5021,2417,4608,1938,4491,1804,4437,1737,4399,1654,4258,1424,4220,1299,4216,1166,4253,1232,4270,1308,4412,1583,4612,1833,4829,2071,5017,2322,5221,2572,5351,2755,5418,2851,5451,2956,5497,2977,5522,3018,5660,3290,5710,3323,5747,3369,5927,3619,6135,3836,6331,3882,6523,3845,6628,3661,6657,3452,6640,3235,6586,3027,6306,2589,5998,2175,5651,1796,5251,1433,5071,1312,4917,1203,4838,1153,4746,1128,4758,1182,4762,1203,4737,1207,4667,1099,4571,1074,4470,1061,4637,1262,4612,1266,4591,1241,4462,1103,4395,1057,4312,1078,4295,1091,4391,1182,4466,1291,4437,1291,4349,1195,4245,1111,4199,1212,4195,1320,4212,1533,4266,1729,4329,1829,4395,1929,4450,2080,4537,2205,4742,2655,4888,3131,5088,3227,4888,2755,4658,2330,4683,2317,4708,2322,4917,2664,5088,3018,5180,3177,5272,3335,5334,3532,5438,3715,5693,4066,5998,4383,6068,4387,6135,4366,6181,4303,6210,4241,6206,4145,6210,4057,6252,4137,6260,4283,6256,4354,6223,4420,6156,4466,6102,4512,6139,4508,6181,4525,6269,4558,6490,4529,6665,4395
PolyLine;ColorIdx=8;StartPoint=7308,4450;Points=7333,4233,7329,4007,7299,3911,7249,3832,7241,3836,7304,4020,7308,4228,7274,4241,7274,4308,7283,4308,7279,4479,7195,4616,7216,4641,7241,4637,7287,4546,7308,4450
PolyLine;ColorIdx=8;StartPoint=3235,4637;Points=3265,4658,3294,4650,3277,4612,3244,4596,3198,4587,3169,4558,3102,4566,3056,4612,3064,4667,3089,4621,3135,4612,3235,4637
PolyLine;ColorIdx=8;StartPoint=4450,4988;Points=4491,4838,4450,4692,4370,4621,4266,4591,4157,4633,4078,4717,4074,4800,4120,4712,4195,4646,4266,4629,4341,4646,4420,4758,4425,4900,4387,4967,4324,5013,4262,5025,4212,5004,4124,4929,4107,4875,4078,4829,4078,4904,4116,4971,4178,5025,4249,5059,4362,5042,4450,4988
PolyLine;ColorIdx=8;StartPoint=5201,5117;Points=5230,5009,5221,4883,5071,4729,4888,4637,4896,4608,4917,4608,4687,4354,4487,4070,4575,4112,4637,4191,4858,4437,5113,4637,5388,4788,5680,4900,5793,4913,5897,4875,5939,4796,5952,4704,5918,4512,5685,4274,5493,4011,5201,3448,5055,3398,4925,3315,4679,3110,4608,3023,4579,2981,4591,2935,4608,2935,4771,3081,4733,2881,4650,2689,4525,2801,4470,2956,4504,3127,4591,3285,4708,3419,4858,3511,4946,3582,5042,3632,5021,3665,4888,3611,4758,3557,4842,3782,4942,3995,5167,4420,5130,4437,4800,3928,4662,3665,4541,3394,4508,3415,4487,3452,4466,3482,4429,3477,4479,3398,4500,3365,4470,3323,4358,3248,4216,3406,4216,3365,4241,3327,4312,3239,4157,3219,4087,3227,4053,3302,4041,3310,4036,3265,4061,3227,3991,3210,3915,3219,3899,3265,3865,3290,3865,3252,3878,3214,3594,3219,3724,3315,3761,3340,3778,3369,3732,3402,3690,3386,3607,3331,3210,3118,3152,3144,3098,3169,3118,3127,3152,3085,3048,3048,2931,3085,2876,3131,2893,3073,2947,3039,3006,3010,2889,2947,2822,2931,2755,2956,2680,2997,2647,3018,2618,2997,2705,2939,2797,2906,2614,2831,2618,2801,2643,2789,2668,2789,3285,3060,3327,2977,3340,2885,3298,2697,3219,2689,3244,2664,3285,2664,3273,2618,3231,2614,3181,2622,3148,2601,3185,2572,3235,2572,3194,2509,3144,2463,3052,2480,2972,2488,3023,2451,3077,2417,3064,2405,3056,2413,3010,2376,2947,2363,2847,2380,2755,2380,2797,2355,2847,2342,2847,2334,2651,2313,2463,2330,2288,2401,2146,2539,2117,2614,2547,2564,2747,2597,2927,2655,2902,2685,2676,2647,2447,2647,2221,2689,2021,2789,1875,2977,1850,3089,1867,3206,2067,3473,2330,3665,2626,3803,2931,3899,2985,3920,2977,3957,2943,3986,2927,4011,2952,4049,2981,4053,2997,4036,3043,4007,3473,4028,3682,4074,3874,4157,3945,4283,3978,4429,4095,4354,4228,4312,4370,4308,4500,4341,4608,4429,4683,4537,4725,4671,4737,4808,4909,4900,5067,5030,5055,5055,5030,5071,5034,5117,5013,5159,4971,5242,5105,5205,5163,5176,5201,5117
PolyLine;ColorIdx=8;StartPoint=5221,5731;Points=5288,5543,5259,5522,5221,5514,5159,5693,5038,5826,5038,5860,5100,5847,5142,5814,5221,5731
PolyLine;ColorIdx=8;StartPoint=3356,5693;Points=3394,5584,3239,5568,3098,5493,3018,5255,2960,5000,2889,4984,2814,4988,2751,4959,2668,4967,2626,4979,2593,4971,2639,4913,2722,4892,2893,4883,2931,4900,2931,4470,2977,4500,2981,4679,3027,4846,3031,4929,3064,5000,3098,5213,3160,5413,3260,5463,3360,5484,3569,5468,3966,5334,3986,5221,3949,5109,3874,5130,3811,5109,3749,5088,3669,5096,3632,5109,3611,5071,3573,5075,3536,5088,3502,5063,3377,5055,3265,5013,3277,5000,3924,5050,3961,4967,3957,4871,3907,4687,3819,4616,3703,4612,3682,4629,3653,4616,3648,4591,3532,4562,3411,4562,3394,4520,3352,4504,3265,4458,3423,4475,3577,4529,3724,4558,3874,4579,3878,4412,3811,4249,3632,4166,3419,4132,3331,4128,3285,4124,3244,4145,3160,4124,3081,4120,3018,4170,2977,4233,2931,4287,2847,4291,2781,4337,2705,4370,2710,4333,2735,4312,2743,4308,2584,4324,2430,4383,2392,4437,2392,4491,2372,4558,2392,4616,2388,4779,2451,4917,2472,4954,2501,4988,2530,5046,2576,5084,2672,5213,2776,5330,2881,5472,2972,5618,3064,5764,3198,5885,3277,5927,3310,5872,3327,5772,3356,5693
PolyLine;ColorIdx=8;StartPoint=4879,5655;Points=4909,5551,4979,5468,5130,5297,5038,5305,4988,5305,4946,5280,4637,5580,4566,5635,4508,5710,4512,5781,4562,5826,4600,5927,4658,6014,4737,5818,4879,5655
PolyLine;ColorIdx=8;StartPoint=5989,5973;Points=5981,5906,5943,5927,5935,5973,5927,6073,5968,6039,5989,5973
PolyLine;ColorIdx=8;StartPoint=3653,5877;Points=3648,5826,3857,5630,4087,5455,4316,5276,4516,5080,4604,4875,4604,4650,4500,4495,4433,4433,4354,4395,4249,4379,4157,4395,3995,4500,3978,4604,4003,4712,4041,4813,4045,4929,4036,5034,4070,5134,4053,5376,3794,5497,3523,5572,3427,5760,3377,5968,3431,6064,3452,5931,3502,5814,3502,5922,3482,6039,3482,6114,3502,6185,3565,6123,3598,6048,3653,5877
PolyLine;ColorIdx=8;StartPoint=4896,6486;Points=4725,6294,4646,6198,4591,6085,4520,6043,4487,5973,4458,5893,4408,5835,4358,5897,4303,5864,4349,5751,4425,5647,4608,5468,4662,5447,4700,5401,4758,5297,4800,5301,4821,5272,4833,5238,4867,5221,4925,5080,4700,4938,4508,5226,4253,5468,3711,5906,3690,6002,3778,5993,3857,6014,3790,5960,3749,5931,3740,5893,3811,5885,3886,5918,3957,5977,4016,6043,3978,6098,4007,6077,4032,6039,4116,5860,4149,5868,4116,5973,4103,6073,4061,6156,4032,6252,4157,6323,4270,6411,4320,6394,4575,6590,4896,6486
PolyLine;ColorIdx=8;StartPoint=3845,6573;Points=3995,6540,3957,6319,3911,6210,3819,6135,3736,6110,3648,6127,3486,6310,3398,6527,3360,6511,3377,6411,3411,6327,3315,6348,3219,6390,3135,6390,3048,6423,3048,6444,3156,6544,3214,6582,3294,6557,3352,6527,3427,6519,3557,6540,3669,6640,3732,6119,3753,6135,3724,6394,3703,6653,3778,6586,3807,6561,3845,6573
PolyLine;ColorIdx=8;StartPoint=4437,6623;Points=4395,6573,4320,6544,4249,6498,4020,6348,4041,6452,4045,6569,4074,6582,4103,6582,4220,6674,4437,6623
PolyLine;ColorIdx=8;StartPoint=3169,6594;Points=3060,6490,3002,6444,2927,6465,2822,6523,2714,6573,2680,6573,2680,6590,2993,6778,3052,6753,3093,6703,3169,6594
PolyLine;ColorIdx=8;StartPoint=4700,6853;Points=4621,6761,4583,6711,4520,6686,4462,6657,4399,6669,4266,6711,4262,6753,4283,6782,4312,6807,4312,6845,4324,6878,4320,6911,4700,6853
PolyLine;ColorIdx=8;StartPoint=3490,6924;Points=3490,6903,3448,6966,3473,6953,3490,6924
PolyLine;ColorIdx=8;StartPoint=2668,7062;Points=2664,6999,2672,6974,2705,6966,2755,7045,2960,6807,2647,6603,2505,6669,2392,6786,2347,6769,2322,6811,2276,6832,2255,6732,2246,6682,2221,6644,2205,6686,2171,6711,2138,6728,2125,6769,2130,6849,2134,6882,2113,6911,2117,6961,2668,7062
PolyLine;ColorIdx=8;StartPoint=3048,7070;Points=3002,6949,2989,6886,3014,6824,2902,6932,2826,7070,3048,7070
PolyLine;ColorIdx=8;StartPoint=4445,7224;Points=4399,7124,4329,7041,4312,7112,4270,7166,4270,7183,4445,7224
PolyLine;ColorIdx=8;StartPoint=5109,7270;Points=5105,7153,5055,7045,5067,6995,5017,6974,4950,6916,4946,7011,4950,7095,4925,7112,4854,6978,4808,6924,4746,6882,4320,6945,4441,7095,4500,7166,4537,7253,4596,7203,4600,7153,4625,7116,4646,7183,4637,7253,4629,7258,4646,7270,5096,7341,5109,7270
PolyLine;ColorIdx=8;StartPoint=5251,7354;Points=5246,7295,5217,7312,5201,7341,5251,7354
PolyLine;ColorIdx=8;StartPoint=3886,7320;Points=3886,7295,3865,7291,3824,7270,3769,7287,3740,7299,3719,7270,3753,7245,3719,7224,3678,7233,3648,7262,3607,7287,3594,7266,3632,7212,3552,7199,3519,7199,3490,7233,3473,7266,3461,7266,3452,7203,3398,7208,3369,7253,3431,7354,3544,7387,3794,7395,3849,7370,3886,7320
PolyLine;ColorIdx=8;StartPoint=4149,7454;Points=4174,7504,4149,7454
PolyLine;ColorIdx=8;StartPoint=4157,7617;Points=4128,7596,4103,7604,4124,7625,4157,7617
PolyLine;ColorIdx=8;StartPoint=3682,7696;Points=3703,7633,3690,7571,3632,7571,3598,7637,3582,7717,3636,7733,3682,7696
PolyLine;ColorIdx=8;StartPoint=4103,7954;Points=4149,7813,4145,7662,4128,7662,4082,7850,4032,7929,3949,7988,3849,8030,3732,8021,3648,7971,3594,7892,3557,7863,3582,7959,3653,8038,3740,8092,3836,8096,4032,8038,4103,7954
PolyLine;ColorIdx=8;StartPoint=3490,9991;Points=3565,10012,3632,10032,3719,10028,3761,10032,3794,10062,3832,10057,3861,10078,3890,10103,3928,10112,3890,10032,3878,9957,3857,9857,3853,9761,3828,9678,3815,9632,3840,9594,3832,9528,3845,9457,3819,9306,3828,9165,3807,9106,3815,9052,3824,9002,3803,8948,3782,9018,3724,9073,3657,9081,3623,9081,3598,9052,3544,8893,3498,9044,3452,9119,3394,9177,3273,9144,3185,8973,3173,8881,3189,8789,3189,8718,3135,8768,3073,8785,3023,8856,2997,8943,2927,9102,2914,9235,2881,9365,2881,9419,2902,9457,2872,9728,2868,10003,2893,10062,2893,10124,3177,10032,3490,9991
PolyLine;ColorIdx=8;StartPoint=9181,10725;Points=9165,10788,9148,10846,9110,10838,9081,10859,9052,10879,9014,10875,8893,10950,8756,11013,8706,11000,8651,11017,8597,11034,8547,11021,8422,11034,8363,11034,8309,11005,8205,11017,8109,10992,7946,10959,7783,10938,7717,10900,7637,10896,7483,10892,7450,10867,7283,10884,7132,10930,6853,11092,6795,11142,6732,11184,6519,11439,6469,11447,6432,11480,6344,11555,6265,11568,6189,11614,6123,11614,6094,11614,6068,11635,5864,11643,5680,11626,5317,11522,5272,11480,5209,11468,5088,11434,4938,11418,4867,11422,4800,11451,4879,11468,4950,11489,5201,11539,5317,11576,5430,11643,5159,11651,4900,11697,4896,11664,4758,11672,4625,11635,4512,11405,4437,11163,4358,10946,4324,10871,4312,10792,4295,10713,4249,10642,4191,10466,4107,10291,3978,10012,3940,9761,3945,9511,3932,9156,3811,8309,3774,8317,3794,8618,3761,8802,3703,8985,3661,8968,3632,8889,3611,8802,3586,8739,3586,8668,3582,8593,3548,8534,3536,8543,3523,8718,3469,8877,3436,8906,3427,8956,3381,9023,3352,9044,3315,9044,3269,8918,3269,8768,3302,8626,3369,8497,3356,8455,3310,8493,3277,8551,3235,8572,3206,8614,3177,8655,3131,8685,3123,8614,3148,8543,3173,8401,3265,8267,3323,8222,3360,8163,3298,8167,3235,8217,3123,8359,3060,8518,3002,8685,2897,8822,2889,8893,2851,8952,2818,9010,2826,9081,2793,9156,2776,9306,2772,9469,2760,9594,2751,9661,2772,9719,2747,10032,2743,10345,2764,10366,2793,10625,2876,10783,2952,10938,3068,11055,3219,11096,3223,11059,3189,11051,3144,11042,3114,11021,3014,10875,2947,10721,2897,10375,2876,10270,2935,10220,3031,10191,3106,10145,3214,10133,3323,10112,3394,10112,3473,10095,3511,10124,3565,10116,3456,10203,3377,10304,3398,10320,3619,10112,3644,10112,3673,10137,3715,10141,3765,10141,3794,10162,3648,10333,3661,10345,3744,10262,3840,10183,3970,10224,3982,10266,3953,10287,3878,10333,3845,10383,3845,10433,3915,10366,3995,10312,4011,10391,4061,10471,4066,10537,4103,10596,4141,10658,4137,10725,4178,10817,4208,10913,3957,10917,3774,10942,3611,11046,3431,11167,3348,11230,3252,11276,3106,11313,2960,11297,2818,11259,2676,11238,2584,11209,2493,11205,2397,11201,2305,11163,2142,11167,1971,11180,1883,11188,1812,11222,1825,11255,2159,11222,2171,11276,2322,11276,2363,11288,2392,11313,1942,11439,1771,11443,1696,11422,1629,11363,1508,10959,1491,10750,1541,10541,1554,10462,1545,10383,1604,10108,1654,9832,1654,9782,1679,9736,1708,9594,1725,9532,1712,9469,1762,9369,1792,9273,1783,9273,1783,9252,1858,9156,1984,8985,2130,8843,2121,8818,2125,8793,2226,8726,2305,8647,2584,8476,2680,8397,2776,8322,2927,8234,3056,8117,2927,7925,2876,7783,2814,7646,2710,7646,2605,7662,2488,7654,2380,7621,2180,7521,2180,7487,2075,7395,2004,7287,1996,7228,2009,7178,2021,7128,2013,7074,2050,7087,2075,7120,2100,7149,2142,7162,2155,7087,2130,7011,2409,7066,2701,7095,2822,7253,2868,7249,2910,7224,2910,7174,2881,7149,2814,7103,2989,7103,3068,7107,3131,7145,3039,7203,2952,7295,2918,7375,2910,7445,2952,7383,3002,7324,2947,7433,2922,7571,2922,7704,2968,7829,3048,7938,3173,8013,3323,8034,3523,7892,3544,7846,3536,7792,3465,7867,3381,7925,3231,7938,3093,7875,3014,7775,2993,7662,2977,7662,2972,7591,3023,7583,3023,7571,2977,7546,2985,7483,3018,7483,3043,7466,3027,7445,2993,7437,3027,7345,3073,7362,3077,7337,3060,7320,3023,7287,3131,7212,3056,7266,3064,7291,3152,7241,3252,7203,3206,7153,3160,7103,3194,7099,3223,7082,3185,7062,3144,7057,3106,6966,3098,6874,3144,6890,3189,6882,3185,6853,3164,6840,3106,6820,3169,6711,3281,6644,3402,6611,3498,6615,3582,6623,3653,6719,3669,6840,3707,6845,3707,6815,3703,6782,3724,6761,3778,6686,3853,6653,4032,6632,4103,6694,4028,6699,3986,6707,3966,6736,4049,6753,4128,6732,4191,6815,4237,6911,4103,6932,4107,6953,4203,6957,4237,6982,4245,7041,4220,7099,4216,7132,4195,7153,4120,7120,4045,7116,4095,7166,4166,7187,4070,7245,3949,7253,3799,7087,3678,6895,3640,6932,3611,6982,3548,7070,3448,7103,3356,7132,3298,7216,3281,7270,3294,7329,3348,7425,3473,7462,3427,7504,3419,7587,3452,7654,3502,7642,3536,7604,3544,7533,3523,7466,3694,7479,3865,7462,3940,7395,3966,7358,3970,7312,4061,7366,4028,7375,3999,7391,4041,7404,4091,7404,4124,7475,4103,7500,4116,7521,4153,7533,4178,7516,4212,7604,4228,7696,4249,7675,4203,7470,4107,7295,4137,7295,4199,7262,4245,7212,4466,7270,4387,7320,4425,7391,4516,7375,4596,7308,5088,7375,5030,7504,5050,7521,5088,7504,5151,7416,5188,7383,5251,7391,5259,7425,5230,7454,5230,7521,5205,7575,5125,7675,5067,7733,4996,7783,4984,7833,4929,7850,4871,7863,4842,7904,4667,7913,4625,7934,4450,7904,4278,7863,4128,8113,3966,8259,4128,8455,4203,8555,4303,8643,4303,8676,4450,8793,4450,8839,4550,8906,4587,8948,4575,8998,4733,9156,4758,9177,4758,9219,4959,9457,4942,9498,4971,9532,5042,9594,5067,9640,5042,9686,5188,9891,5159,9928,5246,10032,5317,10145,5272,10183,5367,10291,5413,10366,5430,10404,5418,10446,5555,10754,5630,10909,5718,11055,5943,11255,6081,11301,6248,11293,6336,11267,6411,11213,6219,11234,6031,11222,5847,11076,5726,10879,5568,10446,5651,10391,5693,10375,5739,10383,5797,10325,5868,10304,5947,10283,6006,10224,6181,10199,6344,10174,6519,10174,6544,10195,6573,10208,6665,10208,6740,10241,6857,10266,6974,10312,7195,10404,7287,10437,7379,10487,7541,10533,7700,10583,8009,10696,8171,10725,8347,10721,8689,10604,8714,10562,8760,10550,8814,10537,8839,10500,8906,10500,8952,10471,9018,10450,9089,10471,9210,10541,9235,10587,9219,10633,9181,10725
PolyLine;ColorIdx=8;StartPoint=9327,10725;Points=9286,10742,9244,10850,9210,10896,9160,10917,9123,10963,9073,10971,9018,10988,8973,11025,8943,11000,8910,11017,8877,11042,8831,11042,8726,11084,8610,11105,8038,11088,7483,11000,7295,11000,7124,11051,6974,11138,6828,11259,6548,11510,6402,11626,6248,11714,6114,11739,6035,11739,5952,11760,5635,11714,5292,11718,5000,11793,4850,11797,4700,11752,4600,11718,4508,11656,4312,11146,4278,11063,4237,10980,4195,10988,4157,10967,4007,10988,3936,10996,3874,11034,3690,11130,3519,11263,3340,11384,3144,11451,3106,11430,3064,11434,2806,11363,2668,11326,2547,11363,2426,11426,2305,11472,2184,11493,2063,11543,2025,11551,2000,11535,1796,11543,1596,11510,1525,11426,1479,11326,1420,11105,1370,11021,1370,10921,1399,10725,1395,10579,1420,10433,1470,10153,1479,10091,1470,10024,1516,9820,1533,9719,1512,9615,1671,9248,1804,9018,1854,8952,1892,8877,2071,8697,2276,8539,2330,8484,2409,8434,2618,8317,2760,8217,2876,8096,2826,7988,2797,7867,2760,7771,2668,7758,2568,7771,2472,7758,2284,7704,2117,7596,1984,7445,1892,7270,1879,7103,1900,7024,1950,6953,1733,6865,1733,6861,1984,6932,2013,6916,2025,6774,2063,6632,2125,6540,2180,6515,2242,6519,2296,6557,2342,6611,2438,6578,2522,6519,2155,6265,2196,6265,2505,6486,2576,6473,2597,6498,2785,6390,2839,6386,2897,6356,2810,6265,2856,6265,2931,6336,2972,6327,3006,6327,3139,6281,3281,6265,3352,6244,3411,6189,3352,6085,3252,6027,3139,5973,3056,5885,2985,5789,2947,5743,2897,5718,2768,5522,2618,5334,2551,5297,2505,5230,2426,5171,2376,5080,2338,4988,2317,4946,2276,4921,2251,4696,2284,4470,2334,4362,2392,4329,2463,4266,2543,4233,2722,4187,2806,4187,2847,4182,2881,4157,2876,4128,2856,4112,2801,4016,2714,3970,2513,3899,2259,3769,2021,3611,1829,3406,1762,3277,1721,3135,1737,2989,1800,2856,1896,2743,2021,2664,2054,2476,1858,2434,1666,2463,1420,2497,1178,2484,949,2422,740,2309,611,2163,506,2000,456,1817,469,1621,419,1525,406,1424,448,1245,532,1061,573,869,744,774,836,753,940,761,1170,832,1387,932,1804,1149,1954,1203,2096,1258,2705,1525,3327,1750,3794,1921,4003,2042,4187,2205,4253,2409,4253,2518,4208,2614,4057,2747,3861,2814,3657,2818,3452,2789,3456,2876,3461,2977,3440,3027,3431,3081,3895,3089,4345,3144,4312,2981,4341,2822,4458,2680,4533,2634,4625,2618,4408,2171,4166,1737,4120,1675,4103,1600,4066,1337,4124,1082,4199,1003,4308,965,4541,965,4842,1049,5113,1195,5593,1579,5885,1875,6148,2188,6603,2851,6924,3544,6982,3724,7011,3907,6999,4087,6928,4270,6895,4341,6836,4395,6703,4479,6653,4541,6594,4596,6486,4654,6361,4679,6240,4675,6123,4637,6127,4825,6102,4921,6043,4992,5868,5042,5693,5025,5359,4900,5351,4934,5359,4967,5334,5100,5292,5221,5418,5221,5522,5272,5622,5338,5718,5413,5797,5434,5856,5497,5968,5643,6043,5689,6102,5751,6177,5906,6215,6085,6206,6265,6156,6440,6073,6611,5993,6732,5935,6778,5864,6795,5768,6845,5660,6861,5430,6853,5376,6982,5338,7041,5280,7062,5238,7112,5221,7166,5267,7183,5309,7212,5330,7262,5359,7366,5739,7362,5789,7349,5835,7362,5605,7395,5367,7391,5326,7491,5305,7612,5234,7738,5130,7850,5004,7938,4875,7996,4758,8005,4650,8038,4345,7984,4137,8284,4320,8547,4579,8756,4571,8793,4658,8877,4717,8981,4821,9069,4838,9135,4888,9185,5096,9507,5288,9832,5388,10087,5518,10333,5576,10291,5718,10229,5843,10141,5947,10124,6043,10082,6094,10091,6152,10078,6202,10066,6252,10074,6615,10070,6644,10091,6807,10128,6970,10174,6999,10216,7049,10224,7091,10233,7103,10283,7199,10312,7308,10312,7329,10350,7362,10358,7437,10354,7458,10400,7508,10404,7554,10404,7596,10425,7587,10458,7788,10500,7788,10521,7838,10541,7888,10533,7929,10567,7984,10571,8038,10575,8075,10604,8288,10608,8393,10600,8480,10571,8505,10533,8551,10521,8647,10500,8664,10458,8697,10437,8735,10425,8756,10391,9035,10379,9169,10400,9286,10466,9315,10612,9306,10667,9327,10725
PolyLine;ColorIdx=8;StartPoint=2856,6265;Points=2367,5739,2363,5743,2810,6265,2856,6265
PolyLine;ColorIdx=8;StartPoint=2196,6265;Points=1921,6043,1921,6064,2155,6265,2196,6265